
---	Treino para o 0-fold	---
Max epochs   100000. Desired error: 0.0010000000.
Epochs            1. Current error: 0.2193583697. Bit fail 3466.
Epochs           28. Current error: 0.0009763283. Bit fail 5.

---	Treino para o 1-fold	---
Max epochs   100000. Desired error: 0.0010000000.
Epochs            1. Current error: 0.0009862336. Bit fail 7.

---	Treino para o 2-fold	---
Max epochs   100000. Desired error: 0.0010000000.
Epochs            1. Current error: 0.0008890445. Bit fail 9.

---	Treino para o 3-fold	---
Max epochs   100000. Desired error: 0.0010000000.
Epochs            1. Current error: 0.0007491984. Bit fail 0.

---	Treino para o 4-fold	---
Max epochs   100000. Desired error: 0.0010000000.
Epochs            1. Current error: 0.0006972022. Bit fail 0.

---	Treino para o 5-fold	---
Max epochs   100000. Desired error: 0.0010000000.
Epochs            1. Current error: 0.0006583507. Bit fail 0.

---	Treino para o 6-fold	---
Max epochs   100000. Desired error: 0.0010000000.
Epochs            1. Current error: 0.0007615756. Bit fail 0.

---	Treino para o 7-fold	---
Max epochs   100000. Desired error: 0.0010000000.
Epochs            1. Current error: 0.0006702368. Bit fail 0.

---	Treino para o 8-fold	---
Max epochs   100000. Desired error: 0.0010000000.
Epochs            1. Current error: 0.0006309749. Bit fail 0.

---	Treino para o 9-fold	---
Max epochs   100000. Desired error: 0.0010000000.
Epochs            1. Current error: 0.0006449718. Bit fail 0.



>>>	ACURACIA: 0.011606
>>>	Hidden neurons: 21

1 0.165359 0.159539 0.160566 0.155032 0.171813 0.179256 0.142323 0.072179 0.074021 0.037423 0.051736 0.240605 0.014461 0.008427 0.044281 0.029828 0.009429 0.040006 0.268382 0.056617 0.005083 0.025187 0.040902 0.013804 0.013909 0.013899 0.035868 0.026753 0.017146 0.473692 0.489117 0.492364 0.510696 0.507174 0.505463 0.381677 0.372341 0.419961 0.411503 0.427399 0.384357 0.574191 0.601404 0.607774 0.591957 0.603238 0.438481 0.171969 0.175453 0.187199 0.168887 0.202182 0.194103 0.120481 0.127777 0.125754 0.160131 0.149609 0.130908 0.150773 0.107137 0.519406 0.581045 0.571272 0.159386 0.050512 0.052710 0.054179 0.043103 0.055768 0.056532 0.168565 0.146623 0.155211 0.142295 0.142441 0.152506 0.067033 0.037935 0.034843 0.045904 0.085814 0.051959 0.032725 0.311274 0.248171 0.185825 0.032773 0.262001 0.023813 0.287823 0.264929 0.006514 0.037488 0.302622 0.286949 0.155282 0.063644 0.075030 0.133701 0.025540 0.082089 0.009814 0.239427 0.257493 0.306827 0.258860 0.264694 4.451613 4.504050 4.278717 4.249318 4.323155 4.574387 3.874696 3.904769 4.027287 4.107315 4.684273 3.551733 4.185107 3.594074 4.325175 3.928409 3.733743 3.611785 4.099375 3.155126 3.185998 3.222470 3.191457 3.252584 3.146722 2.996094 3.035254 3.075551 3.108104 3.077045 3.127217 4.070210 4.580875 4.308388 4.552083 4.284845 4.752090 3.889813 4.044841 4.111470 4.168639 4.149746 4.161011 4.209843 3.262074 3.250335 3.193222 3.290344 3.186564 3.348467 3.336092 3.214214 3.116845 3.167960 3.096266 2.956077 4.865132 4.543179 4.771429 4.479007 4.613185 4.580138 3.048539 3.015197 3.089508 3.160446 3.082892 3.105554 3.645020 3.585978 3.588439 3.594080 3.567924 3.584182 3.139837 3.138081 3.149675 0.047046 0.086096 0.049434 0.011303 0.064751 0.044627 0.034237 0.029101 0.006338 
0.165359 1 0.005880 0.004868 0.010337 0.006591 0.014288 0.023498 0.093255 0.091379 0.128008 0.113666 0.075495 0.152299 0.159794 0.121726 0.136450 0.161214 0.205170 0.103165 0.221812 0.163415 0.140889 0.124916 0.152048 0.151836 0.152233 0.129791 0.139360 0.148763 0.308990 0.324497 0.327751 0.346161 0.342628 0.340906 0.216692 0.207348 0.255102 0.246617 0.262562 0.219398 0.409841 0.437171 0.443577 0.427691 0.439018 0.273662 0.007400 0.010687 0.022091 0.005008 0.036980 0.028967 0.044905 0.037608 0.039633 0.005562 0.015846 0.034485 0.015752 0.058665 0.354857 0.416739 0.406926 0.008011 0.215759 0.217977 0.219455 0.208365 0.221043 0.221795 0.005022 0.018943 0.010718 0.023294 0.023049 0.013335 0.098391 0.127497 0.130637 0.119541 0.079599 0.113482 0.197691 0.146098 0.082929 0.020842 0.197842 0.096773 0.188401 0.122615 0.099682 0.170209 0.202697 0.137452 0.121768 0.011250 0.102269 0.091124 0.033351 0.189865 0.247075 0.156622 0.074331 0.092343 0.141762 0.093716 0.099628 4.577728 4.629914 4.400043 4.370453 4.444891 4.700829 3.967905 4.004333 4.130037 4.213212 4.811345 3.633684 4.307981 3.709152 4.450656 4.049406 3.851691 3.727731 4.222344 3.268390 3.300272 3.337525 3.306165 3.369308 3.260623 3.109899 3.145941 3.185966 3.220291 3.189093 3.239224 4.189305 4.706702 4.431315 4.678335 4.406394 4.879186 4.008530 4.164296 4.231754 4.265347 4.271145 4.281616 4.330633 3.376133 3.366317 3.307897 3.404664 3.299712 3.462394 3.451406 3.330722 3.227904 3.282553 3.207944 3.062501 4.993278 4.666205 4.896274 4.604918 4.737175 4.702822 3.158154 3.128751 3.204221 3.271333 3.195411 3.217342 3.760331 3.702503 3.705369 3.710095 3.683763 3.700032 3.253693 3.239961 3.256435 0.118840 0.079744 0.116501 0.175445 0.101163 0.121231 0.199084 0.193799 0.162820 
0.159539 0.005880 1 0.001075 0.004554 0.012292 0.019912 0.017678 0.087435 0.085556 0.122191 0.107845 0.081281 0.146482 0.153978 0.115912 0.130646 0.155416 0.199364 0.108995 0.216006 0.157608 0.135078 0.119114 0.146226 0.146018 0.146406 0.123966 0.133539 0.142938 0.314768 0.330266 0.333520 0.351925 0.348392 0.346672 0.222484 0.213136 0.260884 0.252401 0.268343 0.225183 0.415612 0.442937 0.449339 0.433456 0.444782 0.279447 0.012823 0.016197 0.027791 0.009823 0.042741 0.034686 0.039081 0.031788 0.033803 0.001263 0.009984 0.028651 0.010453 0.052855 0.360631 0.422504 0.412692 0.005174 0.209948 0.212165 0.213641 0.202549 0.215230 0.215985 0.009601 0.013099 0.005068 0.017426 0.017206 0.007546 0.092571 0.121686 0.124828 0.113729 0.073785 0.107661 0.191894 0.151920 0.088768 0.026694 0.192041 0.102620 0.182610 0.128431 0.105504 0.164399 0.196881 0.143260 0.127574 0.006969 0.096499 0.085387 0.028052 0.184074 0.241287 0.150794 0.080095 0.098121 0.147541 0.099498 0.105395 4.573286 4.625482 4.395761 4.366180 4.440599 4.696375 3.964741 4.000927 4.126513 4.209571 4.806867 3.630928 4.303662 3.705123 4.446237 4.045155 3.847554 3.723668 4.218021 3.264387 3.296234 3.333461 3.302111 3.365186 3.256594 3.105873 3.142034 3.182070 3.216333 3.185137 3.235271 4.185143 4.702277 4.426983 4.673891 4.402116 4.874712 4.004349 4.160092 4.227518 4.262046 4.266870 4.277370 4.326380 3.372112 3.362223 3.303847 3.400635 3.295721 3.458385 3.447337 3.326610 3.223987 3.278508 3.204005 3.058758 4.988758 4.661860 4.891862 4.600484 4.732795 4.698493 3.154285 3.124731 3.200163 3.267427 3.191432 3.213392 3.756277 3.698391 3.701243 3.706004 3.679677 3.695946 3.249669 3.236413 3.252694 0.113029 0.073940 0.110689 0.169640 0.095378 0.115435 0.193283 0.187998 0.157013 
0.160566 0.004868 0.001075 1 0.005575 0.011267 0.018871 0.018652 0.088458 0.086580 0.123215 0.108870 0.080240 0.147499 0.154995 0.116925 0.131660 0.156428 0.200386 0.107960 0.217028 0.158629 0.136094 0.120131 0.147247 0.147040 0.147426 0.124986 0.134556 0.143959 0.313744 0.329242 0.332496 0.350902 0.347369 0.345648 0.221459 0.212111 0.259858 0.251375 0.267318 0.224157 0.414589 0.441915 0.448317 0.432434 0.443760 0.278419 0.011782 0.015157 0.026759 0.008799 0.041709 0.033656 0.040109 0.032814 0.034831 0.001149 0.011000 0.029679 0.011236 0.053856 0.359607 0.421483 0.411670 0.005133 0.210971 0.213188 0.214665 0.203572 0.216253 0.217008 0.008580 0.014094 0.005949 0.018436 0.018217 0.008502 0.093594 0.122711 0.125852 0.114754 0.074810 0.108686 0.192918 0.150891 0.087737 0.025674 0.193066 0.101592 0.183634 0.127401 0.104474 0.165420 0.197903 0.142229 0.126541 0.007558 0.097516 0.086398 0.028979 0.185093 0.242307 0.151815 0.079057 0.097088 0.146508 0.098462 0.104357 4.573989 4.626182 4.396433 4.366851 4.441272 4.697078 3.965216 4.001444 4.127050 4.210127 4.807573 3.631334 4.304344 3.705758 4.446938 4.045828 3.848208 3.724310 4.218706 3.265024 3.296877 3.334109 3.302757 3.365844 3.257236 3.106517 3.142657 3.182690 3.216964 3.185768 3.235900 4.185795 4.702974 4.427665 4.674592 4.402786 4.875417 4.005008 4.160752 4.228183 4.262540 4.267543 4.278038 4.327047 3.372752 3.362876 3.304493 3.401277 3.296356 3.459021 3.447984 3.327268 3.224610 3.279155 3.204632 3.059354 4.989471 4.662540 4.892553 4.601185 4.733482 4.699168 3.154901 3.125373 3.200810 3.268048 3.192065 3.214021 3.756916 3.699042 3.701896 3.706650 3.680323 3.696592 3.250309 3.236966 3.253284 0.114044 0.074946 0.111703 0.170662 0.096391 0.116453 0.194304 0.189018 0.158031 
0.155032 0.010337 0.004554 0.005575 1 0.016826 0.024433 0.013431 0.082927 0.081049 0.117682 0.103337 0.085793 0.141981 0.149476 0.111413 0.126137 0.150905 0.194851 0.113493 0.211494 0.153095 0.130571 0.114600 0.141723 0.141511 0.141908 0.119467 0.129041 0.138438 0.319284 0.334785 0.338038 0.356443 0.352910 0.351190 0.227002 0.217657 0.265403 0.256920 0.272863 0.229704 0.420118 0.447442 0.453844 0.437962 0.449287 0.283963 0.017250 0.020699 0.032327 0.014265 0.047272 0.039226 0.034573 0.027277 0.029300 0.005366 0.005618 0.024153 0.007145 0.048389 0.365144 0.427013 0.417201 0.006770 0.205439 0.207657 0.209134 0.198043 0.210723 0.211476 0.014021 0.008785 0.003165 0.013078 0.012787 0.004119 0.088062 0.117172 0.120313 0.109215 0.069272 0.103154 0.187376 0.156426 0.093260 0.031067 0.187525 0.107106 0.178088 0.132942 0.110011 0.159889 0.192375 0.147774 0.132089 0.004999 0.091972 0.080853 0.023687 0.179555 0.236767 0.146297 0.084621 0.102648 0.152067 0.104022 0.109921 4.569853 4.622056 4.392444 4.362867 4.437273 4.692935 3.962102 3.998133 4.123643 4.206625 4.803413 3.628566 4.300307 3.701950 4.442819 4.041843 3.844315 3.720475 4.214663 3.261255 3.293077 3.330286 3.298943 3.361970 3.253446 3.102725 3.138963 3.179006 3.213226 3.182033 3.232169 4.181879 4.698853 4.423628 4.670456 4.398794 4.871260 4.001090 4.156817 4.224224 4.259324 4.263549 4.274069 4.323075 3.368961 3.359025 3.300680 3.397479 3.292591 3.455238 3.444156 3.323399 3.220908 3.275343 3.200910 3.055791 4.985280 4.658504 4.888464 4.597056 4.729416 4.695147 3.151241 3.121590 3.196994 3.264353 3.188317 3.210296 3.753100 3.695183 3.698025 3.702808 3.676485 3.692755 3.246521 3.233555 3.249719 0.108526 0.069450 0.106189 0.165127 0.090863 0.110919 0.188770 0.183485 0.152503 
0.171813 0.006591 0.012292 0.011267 0.016826 1 0.007865 0.029755 0.099715 0.097835 0.134469 0.120124 0.069029 0.158747 0.166243 0.128172 0.142913 0.167680 0.211638 0.096735 0.228278 0.169885 0.147346 0.131388 0.158496 0.158292 0.158671 0.136234 0.145802 0.155205 0.302506 0.318006 0.321260 0.339669 0.336135 0.334415 0.210209 0.200859 0.248612 0.240128 0.256073 0.212907 0.403372 0.430704 0.437107 0.421220 0.432549 0.267179 0.003256 0.004638 0.015565 0.004110 0.030473 0.022426 0.051366 0.044074 0.046086 0.011712 0.022229 0.040933 0.021850 0.065076 0.348378 0.410265 0.400451 0.013550 0.222219 0.224435 0.225912 0.214819 0.227500 0.228256 0.004476 0.025281 0.016769 0.029613 0.029442 0.019466 0.104850 0.133968 0.137109 0.126012 0.086069 0.119940 0.204173 0.139650 0.076524 0.014957 0.204320 0.090378 0.194891 0.116157 0.093234 0.176673 0.209151 0.130982 0.115297 0.017628 0.108777 0.097651 0.039883 0.196350 0.253559 0.163059 0.067827 0.085840 0.135261 0.087219 0.093120 4.582646 4.634822 4.404798 4.375204 4.449660 4.705755 3.971831 4.008460 4.134264 4.217537 4.816289 3.637236 4.312801 3.713743 4.455556 4.054173 3.856367 3.732348 4.227170 3.272909 3.304823 3.342103 3.310730 3.373940 3.265161 3.114441 3.150385 3.190400 3.224782 3.193580 3.243708 4.194022 4.711612 4.436127 4.683257 4.411164 4.884134 4.013215 4.169003 4.236485 4.269380 4.275912 4.286358 4.335380 3.380682 3.370925 3.312464 3.409222 3.304232 3.466940 3.455991 3.335351 3.232359 3.287120 3.212419 3.066818 4.998253 4.671008 4.901131 4.609829 4.742008 4.707613 3.162561 3.133281 3.208787 3.275783 3.199906 3.221815 3.764916 3.707118 3.709997 3.714695 3.688357 3.704627 3.258232 3.244146 3.260765 0.125295 0.086184 0.122951 0.181916 0.107647 0.127712 0.205558 0.200271 0.169285 
0.179256 0.014288 0.019912 0.018871 0.024433 0.007865 1 0.036994 0.107135 0.105271 0.141897 0.127557 0.061455 0.166104 0.173599 0.135506 0.150267 0.175031 0.219058 0.089304 0.235694 0.177287 0.154716 0.138771 0.165889 0.165696 0.166048 0.143613 0.153154 0.162586 0.295099 0.310593 0.313849 0.332259 0.328724 0.327004 0.202802 0.193445 0.241198 0.232710 0.248660 0.205483 0.395984 0.423320 0.429721 0.413831 0.425162 0.259739 0.007503 0.003842 0.007986 0.010391 0.022960 0.014908 0.058851 0.051560 0.053572 0.019220 0.029710 0.048417 0.028765 0.072343 0.340976 0.402878 0.393059 0.020206 0.229635 0.231852 0.233328 0.222228 0.234916 0.235678 0.010723 0.032654 0.024120 0.037000 0.036844 0.026825 0.112276 0.141415 0.144546 0.133452 0.093512 0.127361 0.211612 0.132252 0.069136 0.008958 0.211761 0.083046 0.202339 0.108727 0.085823 0.184072 0.216553 0.123537 0.107832 0.024812 0.116187 0.105061 0.047152 0.203752 0.260979 0.170436 0.060255 0.078330 0.127757 0.079699 0.085568 4.587522 4.639670 4.409446 4.379839 4.454312 4.710629 3.975003 4.011921 4.137863 4.221280 4.821188 3.639932 4.317508 3.718091 4.460413 4.058813 3.860857 3.736745 4.231902 3.277295 3.309259 3.346571 3.315189 3.378491 3.269585 3.118882 3.154654 3.194646 3.229115 3.197913 3.248029 4.198487 4.716428 4.440844 4.688114 4.415789 4.889005 4.017764 4.173555 4.241079 4.272664 4.280563 4.290959 4.339979 3.385082 3.375435 3.316915 3.413628 3.308601 3.471308 3.460454 3.339892 3.236629 3.291570 3.216725 3.070864 5.003200 4.675721 4.905918 4.614686 4.746767 4.712282 3.166770 3.137708 3.213262 3.280029 3.204268 3.226132 3.769299 3.711610 3.714512 3.719155 3.692813 3.709080 3.262653 3.247870 3.264766 0.132644 0.093482 0.130289 0.189318 0.115007 0.135101 0.212957 0.207662 0.176665 
0.142323 0.023498 0.017678 0.018652 0.013431 0.029755 0.036994 1 0.070206 0.068343 0.104962 0.090622 0.098386 0.129153 0.136651 0.098561 0.113342 0.138120 0.182140 0.126276 0.198777 0.140362 0.117775 0.101854 0.128935 0.128750 0.129085 0.106652 0.116196 0.125625 0.331962 0.347432 0.350687 0.369079 0.365546 0.363829 0.239725 0.230365 0.278090 0.269608 0.285547 0.242396 0.432783 0.460095 0.466485 0.450609 0.461932 0.296626 0.029776 0.033187 0.044948 0.026616 0.059942 0.051857 0.022128 0.014979 0.016906 0.018079 0.007869 0.011875 0.008985 0.035427 0.377810 0.439663 0.429852 0.017368 0.192710 0.194926 0.196401 0.185293 0.197989 0.198757 0.026278 0.004667 0.013074 0.001771 0.002156 0.010409 0.075344 0.104499 0.107628 0.096536 0.056620 0.090423 0.174717 0.169224 0.106098 0.044077 0.174859 0.120002 0.165460 0.145703 0.122807 0.147137 0.179615 0.160504 0.144799 0.014634 0.079381 0.068384 0.014508 0.166858 0.224100 0.133473 0.097182 0.115278 0.164679 0.116646 0.122480 4.559143 4.611348 4.382051 4.352488 4.426839 4.682182 3.953834 3.989361 4.114613 4.197349 4.792603 3.621198 4.289827 3.692069 4.432168 4.031529 3.834225 3.710536 4.204199 3.251553 3.283304 3.320460 3.289140 3.352031 3.243702 3.093008 3.129459 3.169517 3.203614 3.172431 3.222563 4.171652 4.688128 4.413128 4.659715 4.388371 4.860429 3.990928 4.146574 4.213920 4.250710 4.253172 4.263734 4.312718 3.359202 3.349136 3.290884 3.387697 3.282902 3.445475 3.434301 3.313483 3.211369 3.265561 3.191332 3.046601 4.974380 4.647961 4.877775 4.586352 4.718806 4.684604 3.141807 3.111878 3.187199 3.254821 3.178674 3.200704 3.743190 3.685213 3.688028 3.692868 3.666561 3.682827 3.236782 3.224646 3.240468 0.095705 0.056567 0.093349 0.152396 0.078143 0.098203 0.176044 0.170746 0.139735 
0.072179 0.093255 0.087435 0.088458 0.082927 0.099715 0.107135 0.070206 1 0.002090 0.034776 0.020447 0.168504 0.059107 0.066597 0.028683 0.043323 0.068109 0.111985 0.196307 0.128633 0.070203 0.047704 0.031765 0.058818 0.058602 0.059020 0.036573 0.046179 0.055539 0.401914 0.417374 0.420625 0.438994 0.435466 0.433751 0.309760 0.300416 0.348102 0.339629 0.355552 0.312443 0.502587 0.529857 0.536242 0.520392 0.531695 0.366626 0.099826 0.103326 0.115088 0.096760 0.130075 0.122004 0.048369 0.055655 0.053644 0.088026 0.077496 0.058793 0.078628 0.035046 0.447702 0.509463 0.499669 0.087234 0.122567 0.124788 0.126265 0.115162 0.127854 0.128613 0.096445 0.074498 0.083119 0.070191 0.070309 0.080416 0.005151 0.034302 0.037429 0.026334 0.013676 0.020238 0.104538 0.239252 0.176084 0.113717 0.104679 0.189943 0.095283 0.215771 0.192859 0.076986 0.109487 0.230585 0.214894 0.083162 0.010277 0.007341 0.061819 0.096721 0.153959 0.063408 0.167341 0.185426 0.234808 0.186789 0.192635 4.505932 4.558248 4.330820 4.301332 4.375443 4.628847 3.914014 3.946945 4.070901 4.152356 4.739017 3.585998 4.237937 3.643317 4.379208 3.980383 3.784311 3.661430 4.152256 3.203520 3.234859 3.271694 3.240518 3.302580 3.195406 3.044726 3.082461 3.122636 3.156007 3.124879 3.175035 4.121291 4.635046 4.361233 4.606456 4.337045 4.806837 3.940727 4.096085 4.163096 4.209485 4.201890 4.212783 4.261696 3.310845 3.299989 3.242269 3.339236 3.234910 3.397179 3.385440 3.264111 3.164228 3.216972 3.143934 3.001332 4.920360 4.596056 4.825136 4.533229 4.666505 4.632847 3.095255 3.063712 3.138563 3.207756 3.130939 3.153269 3.694363 3.635885 3.638535 3.643751 3.617514 3.633778 3.188501 3.181249 3.195084 0.025757 0.014346 0.023484 0.082240 0.009035 0.028148 0.105898 0.100611 0.069616 
0.074021 0.091379 0.085556 0.086580 0.081049 0.097835 0.105271 0.068343 0.002090 1 0.036647 0.022296 0.166657 0.061019 0.068509 0.030644 0.045276 0.070045 0.113862 0.194453 0.130510 0.072104 0.049624 0.033720 0.060699 0.060484 0.060901 0.038469 0.048097 0.057423 0.400034 0.415492 0.418743 0.437112 0.433584 0.431868 0.307882 0.298537 0.346222 0.337750 0.353672 0.310566 0.500710 0.527979 0.534364 0.518514 0.529817 0.364756 0.097975 0.101465 0.113220 0.094898 0.128208 0.120132 0.046485 0.053778 0.051759 0.086146 0.075617 0.056911 0.076803 0.033277 0.445824 0.507583 0.497790 0.085406 0.124440 0.126658 0.128134 0.117033 0.129724 0.130483 0.094580 0.072626 0.081235 0.068310 0.068440 0.078531 0.007042 0.036166 0.039309 0.028213 0.011830 0.022120 0.106421 0.237387 0.174231 0.111874 0.106556 0.188085 0.097169 0.213908 0.190997 0.078882 0.111363 0.228722 0.213033 0.081338 0.012272 0.007659 0.060077 0.098632 0.155851 0.065286 0.165484 0.183561 0.232943 0.184928 0.190775 4.507625 4.559944 4.332473 4.302989 4.377109 4.630547 3.915607 3.948579 4.072559 4.154034 4.740720 3.587492 4.239620 3.644963 4.380894 3.982051 3.785968 3.663077 4.153934 3.205095 3.236439 3.273283 3.242099 3.304178 3.196982 3.046298 3.084024 3.124201 3.157582 3.126451 3.176609 4.122988 4.636757 4.362905 4.608160 4.338720 4.808555 3.942366 4.097740 4.164753 4.211115 4.203553 4.214446 4.263362 3.312438 3.301586 3.243857 3.340834 3.236494 3.398784 3.387036 3.265712 3.165800 3.218561 3.145508 3.002886 4.922070 4.597721 4.826816 4.534923 4.668177 4.634522 3.096815 3.065279 3.140140 3.209334 3.132506 3.154836 3.695991 3.637494 3.640144 3.645360 3.619121 3.635385 3.190078 3.182826 3.196665 0.027733 0.012865 0.025472 0.084143 0.011110 0.030124 0.107800 0.102517 0.071530 
0.037423 0.128008 0.122191 0.123215 0.117682 0.134469 0.141897 0.104962 0.034776 0.036647 1 0.014357 0.203249 0.024584 0.032015 0.008014 0.009609 0.033684 0.077225 0.231042 0.093873 0.035490 0.013348 0.004689 0.024112 0.023860 0.024394 0.003173 0.012007 0.020905 0.436534 0.451980 0.455228 0.473582 0.470057 0.468343 0.344440 0.335101 0.382758 0.374291 0.390203 0.347123 0.537127 0.564372 0.570750 0.554915 0.566208 0.401275 0.134592 0.138089 0.149848 0.131523 0.164832 0.156759 0.083123 0.090414 0.088400 0.122784 0.112257 0.093551 0.113380 0.069741 0.482288 0.543995 0.534210 0.121993 0.087802 0.090021 0.091498 0.080398 0.093088 0.093847 0.131206 0.109262 0.117872 0.104947 0.105076 0.115168 0.029635 0.001313 0.002892 0.008538 0.048426 0.014558 0.069800 0.273969 0.210823 0.148455 0.069930 0.224670 0.060583 0.250501 0.227597 0.042254 0.074728 0.265310 0.249626 0.117893 0.026422 0.037820 0.096351 0.062050 0.119236 0.028759 0.202085 0.220165 0.269527 0.221528 0.227368 4.479517 4.531886 4.305443 4.275995 4.349976 4.602362 3.894557 3.926146 4.049427 4.130213 4.712398 3.568931 4.212213 3.619260 4.352929 3.955061 3.759641 3.637188 4.126511 3.179886 3.211008 3.247673 3.216574 3.278199 3.171638 3.020982 3.059380 3.099611 3.132600 3.101505 3.151668 4.096361 4.608689 4.335505 4.580009 4.311612 4.780209 3.915905 4.071103 4.137937 4.189297 4.176490 4.187553 4.236427 3.287031 3.275767 3.218330 3.315365 3.211296 3.373388 3.361359 3.239775 3.141063 3.193049 3.120636 2.979156 4.893514 4.570316 4.799007 4.506857 4.640559 4.607178 3.072403 3.040024 3.114623 3.184623 3.107469 3.129952 3.670270 3.611542 3.614105 3.619516 3.593318 3.609578 3.164741 3.160020 3.172823 0.010171 0.048709 0.012500 0.047523 0.027456 0.007909 0.071177 0.065903 0.034963 
0.051736 0.113666 0.107845 0.108870 0.103337 0.120124 0.127557 0.090622 0.020447 0.022296 0.014357 1 0.188926 0.038821 0.046294 0.009413 0.023267 0.047898 0.091574 0.216720 0.108222 0.049837 0.027460 0.011861 0.038428 0.038201 0.038660 0.016315 0.025980 0.035178 0.422238 0.437687 0.440937 0.459296 0.455769 0.454055 0.330123 0.320781 0.368448 0.359980 0.375895 0.332806 0.522863 0.550117 0.556497 0.540657 0.551953 0.386974 0.120259 0.123751 0.135507 0.117184 0.150493 0.142417 0.068777 0.076070 0.074052 0.108437 0.097909 0.079204 0.099063 0.055451 0.468006 0.529732 0.519944 0.107673 0.102150 0.104367 0.105843 0.094743 0.107433 0.108192 0.116865 0.094917 0.103523 0.090599 0.090732 0.100819 0.015302 0.013911 0.017050 0.006053 0.034091 0.001009 0.084146 0.259648 0.196501 0.134138 0.084276 0.210348 0.074913 0.236176 0.213269 0.056606 0.089075 0.250986 0.235300 0.103586 0.012920 0.024023 0.082139 0.076386 0.133582 0.043040 0.187755 0.205834 0.255202 0.207198 0.213041 4.490586 4.542937 4.316090 4.286629 4.360665 4.613463 3.902947 3.935069 4.058620 4.139672 4.723551 3.576350 4.223015 3.629410 4.363942 3.965702 3.770029 3.647408 4.137318 3.189819 3.221026 3.257762 3.226628 3.288431 3.181622 3.030954 3.069098 3.109309 3.142449 3.111338 3.161500 4.106877 4.619750 4.346299 4.591099 4.322298 4.791377 3.926334 4.081604 4.148506 4.197986 4.187154 4.198153 4.247044 3.297047 3.285938 3.228387 3.325406 3.221229 3.383405 3.371477 3.249992 3.150819 3.203102 3.130444 2.988528 4.904757 4.581107 4.809956 4.517911 4.651433 4.617950 3.082031 3.049970 3.124671 3.194372 3.117334 3.139761 3.680417 3.621767 3.624363 3.629701 3.603487 3.619748 3.174723 3.169055 3.182248 0.006797 0.034505 0.005598 0.061875 0.013791 0.008714 0.085530 0.080253 0.049288 
0.240605 0.075495 0.081281 0.080240 0.085793 0.069029 0.061455 0.098386 0.168504 0.166657 0.203249 0.188926 1 0.227372 0.234860 0.196770 0.211521 0.236243 0.280338 0.028192 0.296959 0.238577 0.215994 0.200059 0.227203 0.227014 0.227353 0.204934 0.214434 0.223898 0.233977 0.249495 0.252751 0.271187 0.267649 0.265926 0.141643 0.132292 0.180050 0.171550 0.187516 0.144310 0.334937 0.362305 0.368718 0.352805 0.364151 0.198515 0.068725 0.065245 0.053557 0.071813 0.038604 0.046701 0.120272 0.112976 0.114999 0.080650 0.091150 0.109846 0.089945 0.133626 0.279876 0.341854 0.332018 0.081328 0.290915 0.293134 0.294612 0.283517 0.296198 0.296959 0.072137 0.094092 0.085560 0.098443 0.098276 0.088266 0.173647 0.202772 0.205890 0.194808 0.154894 0.188722 0.272896 0.071075 0.009479 0.055292 0.273055 0.022734 0.263621 0.047520 0.024870 0.245363 0.277837 0.062276 0.046543 0.085661 0.177445 0.166253 0.107788 0.264989 0.322194 0.231742 0.002593 0.017245 0.066475 0.018480 0.024344 4.633157 4.685183 4.453467 4.423777 4.498422 4.756350 4.008314 4.047541 4.174605 4.259148 4.867131 3.669294 4.361952 3.759806 4.505848 4.102642 3.903598 3.778786 4.276420 3.318838 3.351152 3.388713 3.357241 3.421212 3.311377 3.160708 3.195302 3.235162 3.270251 3.239032 3.289103 4.241396 4.761841 4.485371 4.733737 4.459770 4.934871 4.060897 4.216866 4.284693 4.307206 4.324566 4.334661 4.383726 3.426793 3.417876 3.358924 3.455406 3.350038 3.512881 3.502620 3.382528 3.277346 3.333546 3.257671 3.109922 5.049532 4.720321 4.951129 4.660231 4.791696 4.756685 3.207015 3.179458 3.255380 3.320625 3.245592 3.267159 3.811219 3.754122 3.757174 3.761469 3.735075 3.751336 3.304420 3.284968 3.303743 0.193920 0.154743 0.191558 0.250597 0.176257 0.196382 0.274209 0.268910 0.237933 
0.014461 0.152299 0.146482 0.147499 0.141981 0.158747 0.166104 0.129153 0.059107 0.061019 0.024584 0.038821 0.227372 1 0.007509 0.030641 0.016023 0.009564 0.053168 0.255219 0.069767 0.011642 0.011472 0.027514 0.002526 0.002971 0.002282 0.022581 0.012984 0.004233 0.460650 0.476078 0.479325 0.497668 0.494144 0.492431 0.368609 0.359267 0.406899 0.398432 0.414340 0.371275 0.561189 0.588415 0.594785 0.578960 0.590246 0.425374 0.158790 0.162289 0.174063 0.155727 0.189042 0.180976 0.107451 0.114725 0.112718 0.147054 0.136533 0.117859 0.137499 0.093822 0.506376 0.568051 0.558270 0.146134 0.063713 0.065939 0.067418 0.056299 0.069004 0.069785 0.155403 0.133506 0.142120 0.129200 0.129331 0.139418 0.053996 0.025274 0.022091 0.033041 0.072774 0.038965 0.045945 0.298164 0.235030 0.172701 0.046083 0.248897 0.036929 0.274686 0.251801 0.018196 0.050589 0.289480 0.273788 0.142113 0.050451 0.061831 0.120500 0.037988 0.095143 0.005109 0.226221 0.244323 0.293649 0.245675 0.251485 4.459620 4.511994 4.286219 4.256790 4.330660 4.582389 3.878873 3.909573 4.032390 4.112736 4.692328 3.554915 4.192736 3.600881 4.333142 3.935887 3.740878 3.618706 4.107060 3.162019 3.193000 3.229549 3.198509 3.259846 3.153695 3.003095 3.041882 3.082130 3.114877 3.083816 3.133965 4.077277 4.588742 4.316040 4.560047 4.292286 4.760079 3.897085 4.052117 4.118844 4.173038 4.157249 4.168398 4.217228 3.269004 3.257504 3.200258 3.297288 3.193417 3.355325 3.343160 3.221453 3.123480 3.174994 3.102978 2.962212 4.873288 4.550830 4.779244 4.486971 4.620937 4.587681 3.055038 3.022169 3.096591 3.167034 3.089727 3.112293 3.651912 3.593120 3.595633 3.601151 3.574984 3.591235 3.146801 3.143473 3.155702 0.033518 0.072700 0.035878 0.023501 0.051365 0.031302 0.047034 0.041719 0.010790 
0.008427 0.159794 0.153978 0.154995 0.149476 0.166243 0.173599 0.136651 0.066597 0.068509 0.032015 0.046294 0.234860 0.007509 1 0.038131 0.023449 0.003717 0.045716 0.262705 0.062296 0.004901 0.018947 0.034970 0.008178 0.008491 0.007966 0.030068 0.020470 0.011299 0.468122 0.483548 0.486795 0.505136 0.501612 0.499900 0.376091 0.366752 0.414378 0.405912 0.421819 0.378758 0.568645 0.595866 0.602236 0.586413 0.597697 0.432849 0.166282 0.169784 0.181558 0.163223 0.196535 0.188472 0.114945 0.122220 0.120213 0.154551 0.144030 0.125354 0.144990 0.101314 0.513841 0.575507 0.565727 0.153624 0.056246 0.058475 0.059953 0.048838 0.061539 0.062322 0.162900 0.141003 0.149619 0.136699 0.136827 0.146916 0.061484 0.032663 0.029476 0.040482 0.080263 0.046438 0.038539 0.305648 0.242515 0.180186 0.038678 0.256382 0.029623 0.282173 0.259289 0.010847 0.043122 0.296967 0.281276 0.149596 0.057883 0.069256 0.127956 0.030563 0.087667 0.004288 0.233712 0.251814 0.301137 0.253165 0.258976 4.453830 4.506214 4.280655 4.251231 4.325072 4.576584 3.874458 3.904880 4.027555 4.107765 4.686496 3.551011 4.187082 3.595565 4.327382 3.930318 3.735439 3.613354 4.101405 3.156831 3.187768 3.224278 3.193259 3.254501 3.148483 2.997889 3.036806 3.077062 3.109730 3.078679 3.128828 4.071765 4.582953 4.310396 4.554245 4.286697 4.754235 3.891633 4.046626 4.113318 4.168468 4.151673 4.162856 4.211676 3.263769 3.252190 3.195004 3.292038 3.188227 3.350087 3.337874 3.216114 3.118382 3.169741 3.097852 2.957309 4.867410 4.545192 4.773524 4.481190 4.615255 4.582051 3.050007 3.016978 3.091346 3.161937 3.084576 3.107170 3.646605 3.587778 3.590274 3.595829 3.569671 3.585921 3.141588 3.138737 3.150767 0.041000 0.080189 0.043359 0.016113 0.058823 0.038736 0.039556 0.034237 0.003704 
0.044281 0.121726 0.115912 0.116925 0.111413 0.128172 0.135506 0.098561 0.028683 0.030644 0.008014 0.009413 0.196770 0.030641 0.038131 1 0.014853 0.039612 0.083752 0.224632 0.100373 0.041956 0.019292 0.004313 0.030605 0.030445 0.030740 0.008610 0.017728 0.027302 0.430181 0.445622 0.448871 0.467229 0.463703 0.461989 0.338083 0.328738 0.376396 0.367924 0.383842 0.340750 0.530792 0.558041 0.564419 0.548579 0.559875 0.394873 0.128183 0.131690 0.143471 0.125129 0.158448 0.150388 0.076912 0.084171 0.082171 0.116479 0.105960 0.087303 0.106877 0.063199 0.475937 0.537663 0.527873 0.115514 0.094324 0.096551 0.098031 0.086915 0.099619 0.100391 0.124806 0.102922 0.111548 0.098629 0.098749 0.108848 0.023660 0.008235 0.010407 0.005680 0.042300 0.009325 0.076410 0.267598 0.204441 0.142115 0.076563 0.218321 0.067229 0.244108 0.221218 0.048711 0.081210 0.258907 0.243208 0.111521 0.020337 0.031612 0.089983 0.068431 0.125697 0.035142 0.195626 0.213737 0.263080 0.215086 0.220900 4.482831 4.535158 4.308486 4.279022 4.353013 4.605664 3.895829 3.927731 4.051156 4.132104 4.715722 3.569725 4.215323 3.621959 4.356230 3.958111 3.762512 3.639951 4.129665 3.182698 3.213876 3.250580 3.219469 3.281203 3.174495 3.023870 3.062062 3.102261 3.135352 3.104260 3.154405 4.099150 4.611904 4.338627 4.583286 4.314608 4.783483 3.918849 4.074030 4.140916 4.190645 4.179540 4.190535 4.239400 3.289851 3.278719 3.221216 3.318188 3.214082 3.376156 3.364248 3.242771 3.143738 3.195938 3.123355 2.981577 4.896886 4.573426 4.802195 4.510143 4.643721 4.610216 3.075013 3.042893 3.117545 3.187266 3.110257 3.132686 3.673019 3.614449 3.617040 3.622382 3.596180 3.612434 3.167593 3.161992 3.175149 0.003097 0.042067 0.005320 0.053976 0.020910 0.003782 0.077593 0.072275 0.041248 
0.029828 0.136450 0.130646 0.131660 0.126137 0.142913 0.150267 0.113342 0.043323 0.045276 0.009609 0.023267 0.211521 0.016023 0.023449 0.014853 1 0.024832 0.068995 0.239351 0.085614 0.027189 0.004787 0.011613 0.016153 0.015937 0.016374 0.007530 0.003933 0.013005 0.444905 0.460351 0.463599 0.481955 0.478429 0.476715 0.352819 0.343480 0.391133 0.382661 0.398578 0.355493 0.545483 0.572724 0.579103 0.563267 0.574560 0.409602 0.142930 0.146450 0.158232 0.139892 0.173204 0.165151 0.091627 0.098890 0.096896 0.131228 0.120706 0.102032 0.121637 0.077974 0.490648 0.552357 0.542570 0.130263 0.079584 0.081821 0.083305 0.072202 0.084892 0.085653 0.139575 0.117680 0.126317 0.113395 0.113500 0.123617 0.038245 0.010372 0.007414 0.017515 0.056956 0.023339 0.061623 0.282316 0.219151 0.156797 0.061793 0.233019 0.052437 0.258838 0.235944 0.033964 0.066494 0.273644 0.257948 0.126195 0.034486 0.045844 0.104522 0.053601 0.110888 0.020719 0.210392 0.228499 0.277841 0.229846 0.235668 4.471589 4.523936 4.297678 4.268224 4.342159 4.594395 3.887155 3.918540 4.041703 4.122394 4.704404 3.562012 4.204340 3.611601 4.345040 3.947278 3.751923 3.629524 4.118673 3.172576 3.203670 3.240301 3.209228 3.270780 3.164325 3.013705 3.052147 3.092364 3.125305 3.094231 3.144377 4.088431 4.600669 4.327665 4.572025 4.303753 4.772148 3.908242 4.063353 4.130174 4.181694 4.168702 4.179762 4.228611 3.279639 3.268355 3.210966 3.307950 3.203953 3.365940 3.353940 3.232358 3.133785 3.185689 3.113349 2.971991 4.885485 4.562484 4.791100 4.498918 4.632695 4.599291 3.065187 3.032761 3.107309 3.177317 3.100203 3.122686 3.662682 3.604042 3.606601 3.612015 3.585829 3.602081 3.157422 3.152723 3.165508 0.017652 0.056827 0.020020 0.039187 0.035392 0.015369 0.062792 0.057473 0.026463 
0.009429 0.161214 0.155416 0.156428 0.150905 0.167680 0.175031 0.138120 0.068109 0.070045 0.033684 0.047898 0.236243 0.009564 0.003717 0.039612 0.024832 1 0.044446 0.264059 0.060999 0.004707 0.020478 0.036375 0.010586 0.010705 0.010579 0.031799 0.022240 0.013632 0.469546 0.484982 0.488228 0.506575 0.503052 0.501337 0.377505 0.368171 0.415801 0.407332 0.423243 0.380178 0.570057 0.597279 0.603655 0.587829 0.599114 0.434250 0.167692 0.171216 0.182998 0.164662 0.197965 0.189916 0.116410 0.123669 0.121678 0.156002 0.145482 0.126815 0.146396 0.102756 0.515259 0.576930 0.567148 0.155022 0.055039 0.057285 0.058779 0.047726 0.060356 0.061104 0.164342 0.142459 0.151094 0.138178 0.138282 0.148398 0.063017 0.034287 0.031060 0.042047 0.081740 0.048041 0.037223 0.307019 0.243873 0.181532 0.037435 0.257730 0.028225 0.283554 0.260669 0.010141 0.042013 0.298353 0.282662 0.150928 0.059158 0.070457 0.129179 0.028990 0.086197 0.007654 0.235125 0.253231 0.302548 0.254571 0.260388 4.452303 4.504676 4.279130 4.249701 4.323533 4.575047 3.872517 3.902980 4.025668 4.105897 4.684959 3.549066 4.185528 3.593970 4.325859 3.928770 3.733868 3.611773 4.099864 3.155373 3.186312 3.222819 3.191805 3.253044 3.147032 2.996453 3.035343 3.075589 3.108262 3.077218 3.127359 4.070112 4.581386 4.308860 4.552698 4.285133 4.752672 3.890101 4.045071 4.111772 4.166523 4.150132 4.161302 4.210116 3.262285 3.250726 3.193542 3.290550 3.186750 3.348576 3.336396 3.214656 3.116904 3.168281 3.096381 2.955811 4.865877 4.543671 4.772004 4.479656 4.613735 4.580504 3.048538 3.015546 3.089907 3.160445 3.083127 3.105710 3.645052 3.586284 3.588784 3.594327 3.568172 3.584418 3.140134 3.137075 3.149197 0.042472 0.081607 0.044832 0.015004 0.060151 0.040099 0.038198 0.032879 0.003443 
0.040006 0.205170 0.199364 0.200386 0.194851 0.211638 0.219058 0.182140 0.111985 0.113862 0.077225 0.091574 0.280338 0.053168 0.045716 0.083752 0.068995 0.044446 1 0.308101 0.016658 0.041843 0.064471 0.080401 0.053272 0.053426 0.053198 0.075558 0.066106 0.056630 0.513368 0.528788 0.532031 0.550353 0.546835 0.545122 0.421411 0.412085 0.459677 0.451220 0.467111 0.424091 0.613768 0.640955 0.647322 0.631520 0.642788 0.478155 0.211745 0.215251 0.227009 0.208690 0.241982 0.233918 0.160317 0.167602 0.165593 0.199962 0.189440 0.170743 0.190514 0.146866 0.559039 0.620625 0.610861 0.199129 0.010693 0.012942 0.014449 0.004063 0.016018 0.016705 0.208371 0.186447 0.195055 0.182138 0.182263 0.192354 0.106849 0.077731 0.074580 0.085687 0.125624 0.091773 0.007967 0.351001 0.287900 0.225552 0.007733 0.301724 0.017227 0.327564 0.304679 0.035078 0.003551 0.342361 0.326690 0.194984 0.103153 0.114478 0.173245 0.015879 0.042121 0.048855 0.279191 0.297265 0.346573 0.298620 0.304449 4.420411 4.472882 4.248718 4.219348 4.293014 4.543084 3.850551 3.879182 4.000951 4.080256 4.652822 3.530299 4.154624 3.565410 4.294138 3.898397 3.704427 3.582937 4.068900 3.127279 3.157909 3.194174 3.163269 3.223885 3.118743 2.968180 3.008018 3.048352 3.080482 3.049480 3.099641 4.040421 4.549640 4.277956 4.520798 4.254686 4.720561 3.860435 4.015224 4.081669 4.143661 4.119680 4.131114 4.179887 3.233949 3.221797 3.165014 3.262138 3.158689 3.320299 3.307685 3.185555 3.089475 3.139765 3.068757 2.929770 4.833436 4.512773 4.740574 4.447838 4.582544 4.549749 3.021542 2.987360 3.061366 3.133070 3.055254 3.078058 3.616421 3.557234 3.559606 3.565441 3.539335 3.555582 3.111859 3.112520 3.123120 0.086574 0.125756 0.088956 0.029884 0.104275 0.084109 0.006809 0.011918 0.042546 
0.268382 0.103165 0.108995 0.107960 0.113493 0.096735 0.089304 0.126276 0.196307 0.194453 0.231042 0.216720 0.028192 0.255219 0.262705 0.224632 0.239351 0.264059 0.308101 1 0.324721 0.266366 0.243824 0.227866 0.255028 0.254824 0.255198 0.232777 0.242293 0.251739 0.206253 0.221825 0.225076 0.243532 0.239997 0.238266 0.113869 0.104561 0.152332 0.143828 0.159798 0.116598 0.307215 0.334601 0.341033 0.325110 0.336458 0.170797 0.096556 0.093107 0.081388 0.099676 0.066406 0.074520 0.148031 0.140733 0.142763 0.108416 0.118924 0.137612 0.117856 0.161519 0.252157 0.314160 0.304321 0.109215 0.318688 0.320909 0.322388 0.311307 0.323973 0.324723 0.100015 0.121916 0.113389 0.126275 0.126086 0.116098 0.201447 0.230540 0.233663 0.222583 0.182674 0.216526 0.300627 0.043071 0.020333 0.082757 0.300791 0.007200 0.291334 0.019635 0.004038 0.273162 0.305635 0.034481 0.018898 0.113313 0.205186 0.193952 0.135335 0.292745 0.349909 0.259590 0.029579 0.012255 0.039184 0.010890 0.007843 4.655251 4.707244 4.474917 4.445191 4.519922 4.778504 4.025059 4.065336 4.192915 4.277963 4.889391 3.684231 4.383543 3.780197 4.527838 4.123934 3.924423 3.799309 4.298014 3.339094 3.371555 3.409216 3.377709 3.441952 3.331736 3.181053 3.215163 3.254975 3.290319 3.259093 3.309154 4.262360 4.783885 4.507021 4.755850 4.481217 4.957122 4.081916 4.237996 4.305952 4.324602 4.345979 4.355965 4.405062 3.447121 3.438501 3.379369 3.475767 3.370246 3.533169 3.523148 3.403222 3.297248 3.353967 3.277662 3.129099 5.071975 4.742048 4.973135 4.682297 4.813560 4.778359 3.226715 3.199787 3.275865 3.340482 3.265749 3.287193 3.831715 3.774836 3.777946 3.782106 3.755686 3.771948 3.324765 3.303373 3.322936 0.221767 0.182617 0.219414 0.278382 0.204059 0.224174 0.301983 0.296695 0.265743 
0.056617 0.221812 0.216006 0.217028 0.211494 0.228278 0.235694 0.198777 0.128633 0.130510 0.093873 0.108222 0.296959 0.069767 0.062296 0.100373 0.085614 0.060999 0.016658 0.324721 1 0.058482 0.081100 0.097041 0.069899 0.070066 0.069803 0.092189 0.082716 0.073244 0.529927 0.545339 0.548581 0.566895 0.563378 0.561666 0.438003 0.428679 0.476255 0.467801 0.483686 0.440681 0.630284 0.657458 0.663821 0.648027 0.659290 0.494725 0.228382 0.231887 0.243644 0.225327 0.258615 0.250552 0.176963 0.184248 0.182238 0.216603 0.206082 0.187388 0.207147 0.163501 0.575579 0.637137 0.627377 0.215763 0.006200 0.004202 0.003124 0.013682 0.002140 0.001467 0.225007 0.203087 0.211694 0.198778 0.198905 0.208992 0.123497 0.094382 0.091232 0.102337 0.142273 0.108419 0.024315 0.367613 0.304525 0.242188 0.024132 0.318348 0.033693 0.344181 0.321301 0.051702 0.019291 0.358974 0.343305 0.211623 0.119791 0.131109 0.189873 0.032272 0.025626 0.065445 0.295813 0.313886 0.363181 0.315240 0.321065 4.407648 4.460139 4.236493 4.207139 4.280731 4.530280 3.841136 3.869109 3.990539 4.069512 4.639952 3.522087 4.142198 3.553824 4.281446 3.886181 3.692535 3.571262 4.056471 3.115999 3.146519 3.182693 3.151834 3.212221 3.107402 2.956863 2.997017 3.037372 3.069309 3.038332 3.088489 4.028356 4.536883 4.265543 4.508008 4.242409 4.707669 3.848494 4.003186 4.069545 4.133880 4.107433 4.118950 4.167699 3.222555 3.210209 3.153574 3.250710 3.147405 3.308898 3.296160 3.173911 3.078419 3.128332 3.057636 2.919204 4.820454 4.500361 4.727962 4.435093 4.570026 4.537360 3.010651 2.976075 3.049946 3.122018 3.044065 3.066937 3.604842 3.545562 3.547892 3.553820 3.527735 3.543979 3.100519 3.102361 3.112473 0.103203 0.142389 0.105581 0.046492 0.120909 0.100748 0.022958 0.028267 0.059157 
