
---	Treino para o 0-fold	---
Max epochs   100000. Desired error: 0.0010000000.
Epochs            1. Current error: 0.2191002071. Bit fail 3435.
Epochs           30. Current error: 0.0009060468. Bit fail 5.

---	Treino para o 1-fold	---
Max epochs   100000. Desired error: 0.0010000000.
Epochs            1. Current error: 0.0009015060. Bit fail 7.

---	Treino para o 2-fold	---
Max epochs   100000. Desired error: 0.0010000000.
Epochs            1. Current error: 0.0008506099. Bit fail 9.

---	Treino para o 3-fold	---
Max epochs   100000. Desired error: 0.0010000000.
Epochs            1. Current error: 0.0007593854. Bit fail 9.

---	Treino para o 4-fold	---
Max epochs   100000. Desired error: 0.0010000000.
Epochs            1. Current error: 0.0009068187. Bit fail 6.

---	Treino para o 5-fold	---
Max epochs   100000. Desired error: 0.0010000000.
Epochs            1. Current error: 0.0008091929. Bit fail 0.

---	Treino para o 6-fold	---
Max epochs   100000. Desired error: 0.0010000000.
Epochs            1. Current error: 0.0007267129. Bit fail 0.

---	Treino para o 7-fold	---
Max epochs   100000. Desired error: 0.0010000000.
Epochs            1. Current error: 0.0006893530. Bit fail 0.

---	Treino para o 8-fold	---
Max epochs   100000. Desired error: 0.0010000000.
Epochs            1. Current error: 0.0007854718. Bit fail 0.

---	Treino para o 9-fold	---
Max epochs   100000. Desired error: 0.0010000000.
Epochs            1. Current error: 0.0006629816. Bit fail 0.



>>>	ACURACIA: 0.012470
>>>	Hidden neurons: 18

1 0.136341 0.133558 0.134517 0.128407 0.144540 0.155800 0.129383 0.062840 0.064548 0.032434 0.045304 0.206639 0.021901 0.016681 0.046028 0.027880 0.006763 0.041114 0.218005 0.055284 0.005590 0.025218 0.034383 0.018902 0.014740 0.024949 0.039053 0.034030 0.025612 0.387007 0.403447 0.405259 0.420729 0.418446 0.416508 0.313684 0.308734 0.347091 0.340340 0.352830 0.319633 0.457175 0.477341 0.484101 0.472442 0.480181 0.361449 0.147383 0.152995 0.162507 0.148128 0.173956 0.168825 0.101446 0.107212 0.106419 0.137028 0.127877 0.110956 0.134172 0.099463 0.420284 0.465308 0.458435 0.139062 0.046340 0.047480 0.048324 0.036328 0.049679 0.053207 0.148859 0.128067 0.137331 0.126091 0.123399 0.135310 0.058288 0.030137 0.027581 0.037177 0.072198 0.046047 0.045273 0.250850 0.199814 0.147285 0.042800 0.207007 0.045321 0.236041 0.216412 0.005615 0.030695 0.250337 0.239378 0.123664 0.048527 0.056970 0.101344 0.036392 0.096273 0.023809 0.209564 0.222327 0.264533 0.223137 0.232112 4.815688 4.864989 4.651094 4.644615 4.717893 4.912313 4.578031 4.619763 4.719217 4.781172 4.978583 4.277072 4.644815 4.247029 4.720396 4.453951 4.330324 4.245465 4.579958 3.391474 3.416134 3.489295 3.408951 3.521229 3.349575 3.210911 3.360980 3.433245 3.460387 3.390613 3.458254 4.666393 4.955901 4.713707 4.913751 4.729999 5.051383 4.364078 4.539088 4.581539 4.818694 4.607812 4.639898 4.683911 3.647737 3.552699 3.473904 3.691323 3.539465 3.825347 3.672499 3.528986 3.490027 3.487679 3.456234 3.486202 5.089083 4.845619 5.013801 4.847456 4.902501 4.915488 3.381491 3.154693 3.255566 3.591498 3.291779 3.372214 4.180783 3.936616 3.927580 3.975126 3.942239 3.968948 3.370359 3.933555 3.809270 0.045524 0.079980 0.048904 0.013287 0.053260 0.035878 0.035861 0.029355 0.005070 
0.136341 1 0.005071 0.004634 0.008021 0.010331 0.024743 0.023046 0.073904 0.072222 0.104009 0.091258 0.072282 0.119489 0.126175 0.093710 0.109404 0.132109 0.175760 0.081852 0.190378 0.136534 0.112230 0.102192 0.120623 0.122531 0.118448 0.100821 0.107821 0.116402 0.251828 0.268622 0.270399 0.286025 0.283766 0.281759 0.178103 0.173338 0.211877 0.205085 0.217628 0.184408 0.322101 0.342387 0.349244 0.337516 0.345283 0.226262 0.015813 0.022964 0.030596 0.020258 0.040409 0.036552 0.035186 0.029371 0.030463 0.010126 0.012552 0.026182 0.018501 0.043003 0.285159 0.330374 0.323481 0.015423 0.182217 0.183500 0.184418 0.172543 0.185772 0.188814 0.021875 0.016211 0.017602 0.019736 0.017506 0.018210 0.078407 0.106639 0.109312 0.099361 0.064220 0.090822 0.176234 0.114757 0.063796 0.017108 0.174738 0.071872 0.172307 0.099998 0.080253 0.140712 0.166796 0.114533 0.103745 0.017604 0.091917 0.088623 0.051879 0.167271 0.227366 0.122003 0.076478 0.088264 0.130359 0.088891 0.098874 4.938539 4.987926 4.771541 4.765239 4.838894 5.035255 4.703810 4.746009 4.846135 4.908451 5.101469 4.398787 4.767650 4.368895 4.843136 4.576459 4.452536 4.367345 4.702724 3.511777 3.536672 3.610007 3.529610 3.642434 3.470080 3.331890 3.480819 3.552858 3.580509 3.510767 3.578229 4.790967 5.079667 4.835349 5.037038 4.851766 5.175173 4.484712 4.660158 4.702588 4.945447 4.729247 4.761153 4.805280 3.768079 3.673679 3.594596 3.811716 3.659683 3.945591 3.792940 3.650271 3.609733 3.608435 3.576234 3.604817 5.211830 4.966094 5.134687 4.970321 5.023289 5.036441 3.500917 3.275538 3.376552 3.711053 3.412068 3.492197 4.301178 4.056715 4.047807 4.095065 4.062181 4.088863 3.490885 4.052547 3.928090 0.092840 0.059685 0.090237 0.147702 0.083499 0.101066 0.170431 0.164330 0.133443 
0.133558 0.005071 1 0.000979 0.005993 0.011148 0.024667 0.018137 0.070895 0.069191 0.101176 0.088348 0.074039 0.116286 0.123008 0.090358 0.106461 0.129390 0.173286 0.084867 0.187882 0.133901 0.109244 0.099455 0.117517 0.119605 0.115125 0.097505 0.104454 0.113117 0.254256 0.270925 0.272719 0.288314 0.286041 0.284058 0.180582 0.175706 0.214235 0.207449 0.219991 0.186720 0.324701 0.344985 0.351793 0.340066 0.347847 0.228650 0.015502 0.022454 0.031021 0.018849 0.041612 0.037238 0.032143 0.026370 0.027219 0.006725 0.007621 0.022754 0.014140 0.038735 0.287649 0.332894 0.325991 0.012274 0.179578 0.180829 0.181723 0.169735 0.183078 0.186239 0.020323 0.011158 0.013685 0.014671 0.012732 0.013896 0.075425 0.104050 0.106732 0.096725 0.061406 0.087823 0.174046 0.117743 0.067109 0.022139 0.172479 0.075624 0.170317 0.102696 0.083077 0.137956 0.163943 0.117038 0.106124 0.018861 0.089937 0.087182 0.052520 0.165028 0.225347 0.118637 0.077844 0.089967 0.132216 0.090658 0.100383 4.936541 4.985929 4.769612 4.763300 4.836944 5.033271 4.701458 4.743673 4.843824 4.906160 5.099497 4.396408 4.765586 4.366762 4.841134 4.574387 4.450428 4.365220 4.700680 3.509614 3.534518 3.607867 3.527460 3.640292 3.467929 3.329753 3.478682 3.550721 3.578387 3.508641 3.576106 4.788842 5.077668 4.833387 5.035046 4.849787 5.173185 4.482739 4.658184 4.700636 4.943199 4.727286 4.759213 4.803340 3.765949 3.671546 3.592458 3.809577 3.657561 3.943464 3.790852 3.648128 3.607599 3.606304 3.574076 3.602632 5.209888 4.964203 5.132819 4.968334 5.021405 5.034544 3.498725 3.273352 3.374377 3.708879 3.409900 3.490027 4.299095 4.054663 4.045756 4.093021 4.060133 4.086818 3.488746 4.050321 3.925894 0.089633 0.056020 0.086923 0.145087 0.080887 0.098484 0.167928 0.161753 0.130643 
0.134517 0.004634 0.000979 1 0.006845 0.010201 0.023815 0.018433 0.071854 0.070150 0.102136 0.089307 0.073092 0.117238 0.123961 0.091304 0.107418 0.130345 0.174242 0.083910 0.188839 0.134860 0.110200 0.100414 0.118472 0.120563 0.116074 0.098455 0.105401 0.114068 0.253296 0.269967 0.271761 0.287356 0.285083 0.283100 0.179621 0.174746 0.213275 0.206489 0.219031 0.185760 0.323741 0.344026 0.350834 0.339107 0.346888 0.227690 0.014658 0.021642 0.030138 0.018136 0.040686 0.036339 0.033106 0.027332 0.028180 0.006294 0.008371 0.023712 0.014168 0.039610 0.286689 0.331935 0.325032 0.011902 0.180536 0.181788 0.182681 0.170693 0.184037 0.187196 0.019633 0.011684 0.013488 0.015216 0.013525 0.013850 0.076385 0.105010 0.107691 0.097685 0.062367 0.088783 0.174998 0.116785 0.066166 0.021613 0.173432 0.074704 0.171263 0.101735 0.082117 0.138915 0.164901 0.116077 0.105163 0.019433 0.090881 0.088100 0.053235 0.165980 0.226293 0.119584 0.076913 0.089022 0.131267 0.089711 0.099446 4.937428 4.986817 4.770487 4.764176 4.837822 5.034158 4.702381 4.744597 4.844751 4.907089 5.100382 4.397310 4.766476 4.367651 4.842021 4.575276 4.451317 4.366108 4.701569 3.510494 3.535399 3.608748 3.528341 3.641176 3.468811 3.330638 3.479560 3.551597 3.579266 3.509521 3.576984 4.789746 5.078561 4.834269 5.035935 4.850671 5.174077 4.483618 4.659065 4.701515 4.944128 4.728167 4.760094 4.804222 3.766829 3.672429 3.593339 3.810456 3.658440 3.944343 3.791732 3.649013 3.608476 3.607186 3.574955 3.603503 5.210772 4.965076 5.133693 4.969221 5.022279 5.035421 3.499601 3.274235 3.375261 3.709755 3.410780 3.490906 4.299974 4.055539 4.046633 4.093896 4.061008 4.087694 3.489627 4.051197 3.926767 0.090586 0.056953 0.087872 0.146045 0.081845 0.099442 0.168885 0.162711 0.131601 
0.128407 0.008021 0.005993 0.006845 1 0.016900 0.030649 0.020321 0.065916 0.064228 0.096060 0.083288 0.079705 0.111497 0.118187 0.085719 0.101445 0.124204 0.167936 0.089818 0.182549 0.128650 0.104258 0.094275 0.112633 0.114568 0.110449 0.092822 0.099830 0.108403 0.259608 0.276347 0.278131 0.293741 0.291476 0.289480 0.185910 0.181099 0.219631 0.212842 0.225384 0.192145 0.329932 0.350213 0.357052 0.345327 0.353097 0.234028 0.021445 0.028433 0.036974 0.024736 0.047433 0.043164 0.027176 0.021362 0.022454 0.012274 0.007967 0.018215 0.017809 0.035527 0.292958 0.338176 0.331281 0.017407 0.174337 0.175610 0.176521 0.164615 0.177876 0.180956 0.026174 0.012509 0.018309 0.015513 0.011580 0.017960 0.070423 0.098758 0.101435 0.091464 0.056263 0.082839 0.168534 0.122720 0.071805 0.023462 0.167004 0.079865 0.164707 0.107882 0.088173 0.132794 0.158856 0.122350 0.111508 0.013740 0.084313 0.081359 0.046725 0.159547 0.219761 0.114005 0.083646 0.095662 0.137858 0.096329 0.106148 4.931590 4.980973 4.764726 4.758413 4.832048 5.028306 4.696622 4.738799 4.838894 4.901195 5.094525 4.391811 4.760684 4.361963 4.836190 4.569507 4.445591 4.360414 4.695766 3.504884 3.529769 3.603102 3.522701 3.635505 3.463176 3.324963 3.473959 3.546013 3.573642 3.503894 3.571368 4.783898 5.072671 4.828468 5.030069 4.844875 5.168179 4.477875 4.653302 4.695737 4.938222 4.722375 4.754296 4.798418 3.761205 3.666766 3.587694 3.804839 3.652813 3.938731 3.786068 3.643341 3.602886 3.601533 3.569366 3.598024 5.204903 4.959290 5.127871 4.963374 5.016471 5.029613 3.494067 3.268601 3.369614 3.704211 3.405170 3.485320 4.294327 4.049874 4.040959 4.088236 4.055349 4.082036 3.483985 4.045743 3.921296 0.084851 0.051770 0.082249 0.139829 0.075625 0.093198 0.162601 0.156474 0.125515 
0.144540 0.010331 0.011148 0.010201 0.016900 1 0.014472 0.022452 0.081815 0.080103 0.112153 0.099300 0.062921 0.127032 0.133774 0.101011 0.117372 0.140389 0.184358 0.074196 0.198945 0.144937 0.120135 0.110467 0.128334 0.130525 0.125784 0.108187 0.115080 0.123808 0.243225 0.259863 0.261662 0.277253 0.274977 0.272998 0.169556 0.164644 0.203175 0.196390 0.208934 0.175644 0.313758 0.334050 0.340839 0.329108 0.336898 0.217604 0.006195 0.012891 0.020346 0.011106 0.030556 0.026392 0.043140 0.037407 0.038152 0.008572 0.017035 0.033624 0.016577 0.048397 0.276649 0.321921 0.315011 0.011124 0.190598 0.191837 0.192721 0.180689 0.194077 0.197279 0.012719 0.018459 0.013841 0.021668 0.022054 0.015528 0.086354 0.115115 0.117798 0.107779 0.072425 0.098730 0.185170 0.107008 0.056787 0.020173 0.183595 0.065854 0.181451 0.091789 0.072264 0.148944 0.174878 0.106032 0.095077 0.027879 0.101072 0.098235 0.062192 0.176144 0.236471 0.129256 0.066766 0.078836 0.121084 0.079526 0.089279 4.946621 4.996018 4.779530 4.773227 4.846897 5.043367 4.711652 4.753914 4.854138 4.916517 5.109591 4.406230 4.775634 4.376692 4.851203 4.584402 4.460401 4.375154 4.710732 3.519429 3.544358 3.617724 3.537313 3.650188 3.477773 3.339647 3.488465 3.560480 3.588196 3.518457 3.585905 4.799019 5.087831 4.843387 5.045168 4.859791 5.183353 4.492653 4.668132 4.710594 4.953547 4.737271 4.769196 4.813332 3.775767 3.681425 3.602313 3.819390 3.667377 3.953265 3.800706 3.658026 3.617364 3.616164 3.583855 3.612260 5.219984 4.974140 5.142798 4.978421 5.031369 5.044519 3.508439 3.283216 3.384253 3.718602 3.419716 3.499809 4.308928 4.064501 4.055607 4.102847 4.069958 4.096642 3.498594 4.059953 3.935526 0.100398 0.066446 0.097609 0.156124 0.091942 0.109546 0.178991 0.172795 0.141613 
0.155800 0.024743 0.024667 0.023815 0.030649 0.014472 1 0.027822 0.093039 0.091322 0.123456 0.110556 0.050985 0.137451 0.144230 0.111275 0.128379 0.151718 0.196046 0.065545 0.210563 0.156435 0.131066 0.121915 0.138987 0.141539 0.135954 0.118502 0.125193 0.134079 0.232065 0.248427 0.250261 0.265777 0.263473 0.261545 0.158633 0.153485 0.191913 0.185153 0.197676 0.164328 0.302938 0.323221 0.329896 0.318169 0.325989 0.206372 0.009391 0.002945 0.006730 0.007889 0.018260 0.013084 0.055077 0.049594 0.050002 0.019356 0.028393 0.045437 0.022202 0.057388 0.265599 0.310921 0.303987 0.016974 0.201972 0.203151 0.203985 0.191757 0.205342 0.208762 0.007673 0.027761 0.018873 0.029943 0.032488 0.020993 0.097585 0.126837 0.129519 0.119454 0.084103 0.109811 0.197323 0.097759 0.049847 0.030802 0.195641 0.060392 0.193903 0.081854 0.063039 0.160197 0.185868 0.095438 0.084253 0.042145 0.113686 0.111446 0.076454 0.188205 0.248801 0.139299 0.054024 0.066646 0.108976 0.067456 0.076659 4.957194 5.006604 4.789967 4.783665 4.857353 5.053983 4.721852 4.764206 4.864574 4.927046 5.120224 4.415860 4.786060 4.386859 4.861754 4.594776 4.470663 4.385339 4.721199 3.529406 3.554384 3.627795 3.547362 3.660313 3.487810 3.349792 3.498452 3.570430 3.598240 3.528505 3.595928 4.809535 5.098520 4.853896 5.055809 4.870279 5.194068 4.503032 4.678553 4.721059 4.964141 4.747764 4.779715 4.823863 3.785800 3.691538 3.612385 3.829401 3.677422 3.963272 3.810847 3.668156 3.627326 3.626261 3.593801 3.621969 5.230666 4.984659 5.153419 4.989020 5.041942 5.055086 3.518242 3.293234 3.394302 3.728440 3.429692 3.509733 4.319029 4.074656 4.065784 4.112999 4.080104 4.106788 3.508656 4.069574 3.945200 0.110987 0.076466 0.107981 0.167606 0.103684 0.121256 0.190611 0.184293 0.152798 
0.129383 0.023046 0.018137 0.018433 0.020321 0.022452 0.027822 1 0.067031 0.065314 0.097246 0.084379 0.078202 0.110420 0.117212 0.084248 0.101890 0.125454 0.170020 0.093269 0.184435 0.130312 0.104464 0.095928 0.112102 0.114954 0.108749 0.091451 0.098006 0.106945 0.259150 0.275296 0.277154 0.292588 0.290267 0.288379 0.185973 0.180707 0.219001 0.212269 0.224756 0.191437 0.330103 0.350349 0.356953 0.345248 0.353071 0.233457 0.021693 0.024940 0.034258 0.019999 0.045864 0.040325 0.031641 0.027375 0.026927 0.014436 0.012409 0.022985 0.006754 0.030165 0.292696 0.337976 0.331040 0.012669 0.175593 0.176705 0.177492 0.165101 0.178847 0.182482 0.020257 0.007855 0.009436 0.005814 0.011203 0.007352 0.071520 0.101113 0.103778 0.093732 0.058862 0.083463 0.171931 0.125549 0.077010 0.039607 0.170093 0.086943 0.169008 0.109620 0.090832 0.133800 0.159158 0.123043 0.111812 0.032964 0.089719 0.089073 0.062306 0.162734 0.223611 0.112015 0.080515 0.093520 0.135641 0.094418 0.103003 4.933453 4.982849 4.766705 4.760363 4.833976 5.030242 4.697133 4.739429 4.839708 4.902143 5.096508 4.391814 4.762243 4.363129 4.838026 4.571005 4.446902 4.361617 4.697417 3.505837 3.530786 3.604192 3.523744 3.636630 3.464211 3.326128 3.475006 3.547030 3.574770 3.505016 3.572479 4.785335 5.074617 4.830397 5.031998 4.846740 5.170176 4.479687 4.655136 4.697671 4.939356 4.724301 4.756308 4.800436 3.762299 3.667909 3.588789 3.805883 3.653940 3.939807 3.787367 3.644467 3.603917 3.602672 3.570316 3.598715 5.207010 4.961439 5.130163 4.965289 5.018678 5.031781 3.494806 3.269515 3.370584 3.705025 3.406108 3.486215 4.295600 4.051283 4.042391 4.089668 4.056766 4.083460 3.485072 4.046230 3.921917 0.084217 0.049596 0.081066 0.141445 0.078326 0.095628 0.164555 0.158117 0.126366 
0.062840 0.073904 0.070895 0.071854 0.065916 0.081815 0.093039 0.067031 1 0.001897 0.030436 0.017548 0.143896 0.045783 0.052402 0.021055 0.035644 0.058806 0.103150 0.155580 0.117647 0.063469 0.038396 0.028998 0.046765 0.048739 0.045042 0.027609 0.034773 0.042880 0.324548 0.341015 0.342830 0.358337 0.356048 0.354106 0.251102 0.246124 0.284545 0.277782 0.290294 0.257034 0.394948 0.415170 0.421924 0.410233 0.418000 0.298934 0.084577 0.090243 0.099753 0.085400 0.111184 0.106089 0.038788 0.044588 0.043699 0.074235 0.065083 0.048207 0.071541 0.037647 0.357915 0.403065 0.396169 0.076301 0.109028 0.110222 0.111076 0.098950 0.112434 0.115815 0.086181 0.065304 0.074683 0.063447 0.060596 0.072695 0.004565 0.034098 0.036761 0.026725 0.010114 0.016936 0.104965 0.188461 0.137566 0.086036 0.103105 0.145294 0.102256 0.173448 0.153865 0.067250 0.093124 0.187682 0.176682 0.062661 0.026541 0.031644 0.050053 0.095775 0.156706 0.048718 0.146917 0.159632 0.201906 0.160431 0.169515 4.872790 4.922134 4.707051 4.700652 4.774110 4.969478 4.636117 4.678098 4.777909 4.840067 5.035735 4.333133 4.701826 4.303493 4.777436 4.510796 4.386985 4.301945 4.636963 3.447038 3.471825 3.545102 3.464701 3.577286 3.405240 3.266838 3.416375 3.488537 3.515948 3.446172 3.513731 4.724181 5.013452 4.770236 4.971076 4.786567 5.108963 4.420085 4.595314 4.637778 4.877357 4.664238 4.696257 4.740326 3.703409 3.608663 3.529708 3.747014 3.595073 3.880995 3.728247 3.585099 3.545372 3.543539 3.511700 3.541006 5.146208 4.901640 5.070069 4.904577 4.958693 4.971745 3.436623 3.210467 3.311435 3.646743 3.347321 3.427623 4.236554 3.992233 3.983262 4.030679 3.997788 4.024489 3.426057 3.988511 3.864172 0.019426 0.018760 0.017565 0.074659 0.012470 0.028737 0.097724 0.091374 0.059891 
0.064548 0.072222 0.069191 0.070150 0.064228 0.080103 0.091322 0.065314 0.001897 1 0.032164 0.019252 0.142195 0.047451 0.054090 0.022565 0.037409 0.060566 0.104884 0.153909 0.119384 0.065219 0.040119 0.030780 0.048443 0.050457 0.046641 0.029170 0.036352 0.044500 0.322849 0.339312 0.341128 0.356634 0.354346 0.352403 0.249400 0.244417 0.282840 0.276077 0.288589 0.255327 0.393264 0.413488 0.420240 0.408548 0.416316 0.297237 0.082876 0.088529 0.098037 0.083684 0.109472 0.104369 0.037088 0.042893 0.041987 0.072512 0.063361 0.046493 0.069846 0.036013 0.356222 0.401376 0.394480 0.074609 0.110763 0.111953 0.112806 0.100675 0.114164 0.117548 0.084460 0.063580 0.072949 0.061715 0.058878 0.070962 0.006304 0.035817 0.038484 0.028451 0.008651 0.018657 0.106696 0.186787 0.135913 0.084460 0.104838 0.143664 0.103967 0.171763 0.152183 0.068998 0.094848 0.185987 0.174985 0.061126 0.027951 0.032637 0.049221 0.097522 0.158440 0.050307 0.145206 0.157920 0.200195 0.158721 0.167802 4.874468 4.923814 4.708717 4.702318 4.775778 4.971158 4.637803 4.679790 4.779610 4.841773 5.037415 4.334773 4.703503 4.305150 4.779112 4.512465 4.388649 4.303602 4.638638 3.448673 3.473463 3.546743 3.466341 3.578930 3.406879 3.268475 3.417999 3.490158 3.517577 3.447802 3.515360 4.725873 5.015141 4.771908 4.972759 4.788241 5.110651 4.421744 4.596980 4.639446 4.879056 4.665908 4.697927 4.741997 3.705044 3.610305 3.531347 3.748649 3.596705 3.882629 3.729890 3.586742 3.546996 3.545176 3.513325 3.542603 5.147887 4.903308 5.071739 4.906256 4.960362 4.973416 3.438239 3.212104 3.313075 3.648363 3.348953 3.429251 4.238202 3.993882 3.984911 4.032327 3.999434 4.026135 3.427696 3.990121 3.865780 0.021083 0.017305 0.019102 0.076417 0.014185 0.030515 0.099481 0.093136 0.061645 
0.032434 0.104009 0.101176 0.102136 0.096060 0.112153 0.123456 0.097246 0.030436 0.032164 1 0.012927 0.174292 0.018522 0.024089 0.016821 0.006851 0.028520 0.072828 0.185705 0.087279 0.033131 0.009328 0.003627 0.018103 0.018684 0.019599 0.012731 0.014766 0.017310 0.354793 0.371265 0.373076 0.388571 0.386286 0.384343 0.281393 0.276442 0.314838 0.308079 0.320582 0.287354 0.425058 0.445254 0.452019 0.440343 0.448094 0.329206 0.114990 0.120657 0.130168 0.115806 0.141599 0.136498 0.069053 0.074825 0.074023 0.104644 0.095487 0.078558 0.101893 0.067464 0.388109 0.433196 0.426312 0.106708 0.078609 0.079804 0.080665 0.068614 0.082023 0.085403 0.116568 0.095723 0.105057 0.093815 0.091024 0.103053 0.025890 0.006572 0.008276 0.006526 0.039812 0.013833 0.075194 0.218576 0.167562 0.115314 0.073171 0.174947 0.073182 0.203701 0.184077 0.036866 0.062846 0.217992 0.207022 0.091711 0.022018 0.032467 0.072206 0.065986 0.126937 0.023195 0.177291 0.190021 0.232267 0.190821 0.199870 4.845076 4.894398 4.679870 4.673435 4.746809 4.941730 4.607981 4.649837 4.749470 4.811524 5.007992 4.305992 4.674168 4.276119 4.749752 4.483222 4.359509 4.274562 4.609305 3.420085 3.444808 3.518029 3.437654 3.550094 3.378232 3.239703 3.389508 3.461722 3.489000 3.419222 3.486820 4.696155 4.985518 4.742789 4.943252 4.759102 5.081015 4.392891 4.568015 4.610468 4.848914 4.636840 4.668886 4.712929 3.676409 3.581517 3.502639 3.720008 3.568100 3.854012 3.701196 3.557885 3.518531 3.516445 3.484806 3.514455 5.118474 4.874422 5.042731 4.876851 4.931392 4.944414 3.409896 3.183409 3.284331 3.619965 3.320377 3.400750 4.209501 3.965237 3.956234 4.003714 3.970825 3.997530 3.399034 3.961895 3.837576 0.014854 0.048002 0.018513 0.044317 0.021318 0.007066 0.067420 0.061031 0.029576 
0.045304 0.091258 0.088348 0.089307 0.083288 0.099300 0.110556 0.084379 0.017548 0.019252 0.012927 1 0.161415 0.029243 0.035612 0.010986 0.018479 0.041386 0.085714 0.172970 0.100185 0.046034 0.021160 0.011940 0.029745 0.031311 0.029094 0.013583 0.020150 0.026814 0.341984 0.358445 0.360260 0.375757 0.373470 0.371528 0.268567 0.263598 0.302004 0.295244 0.307750 0.274508 0.412317 0.432524 0.439281 0.427599 0.435358 0.316387 0.102110 0.107758 0.117269 0.102905 0.128707 0.123598 0.056223 0.062010 0.061169 0.091752 0.082599 0.065695 0.089013 0.054705 0.375326 0.420440 0.413552 0.093825 0.091524 0.092711 0.093566 0.081462 0.094923 0.098319 0.103666 0.082816 0.092149 0.080909 0.078124 0.090149 0.013001 0.017200 0.019762 0.010261 0.027074 0.002287 0.087849 0.205845 0.154887 0.102915 0.085897 0.162415 0.085509 0.190905 0.171300 0.049772 0.075659 0.205165 0.194180 0.079375 0.019181 0.028774 0.062211 0.078656 0.139615 0.032872 0.164405 0.177134 0.219390 0.177936 0.186987 4.856958 4.906290 4.691545 4.685123 4.758530 4.953628 4.620009 4.661920 4.761628 4.823727 5.019887 4.317603 4.686027 4.287852 4.761622 4.495043 4.371286 4.286299 4.621163 3.431636 3.456387 3.529632 3.449245 3.561745 3.389807 3.251326 3.401020 3.473212 3.500547 3.430771 3.498354 4.708162 4.997492 4.754567 4.955180 4.770889 5.092993 4.404564 4.579733 4.622192 4.861075 4.648599 4.680636 4.724689 3.687982 3.593150 3.514239 3.731583 3.579661 3.865579 3.712796 3.569544 3.530034 3.528054 3.496328 3.525824 5.130365 4.886113 5.054469 4.888740 4.943116 4.956151 3.421345 3.194999 3.295942 3.631439 3.331922 3.412265 4.221107 3.976822 3.967832 4.015287 3.982397 4.009100 3.410615 3.973299 3.848972 0.007737 0.035334 0.010006 0.057230 0.010498 0.012670 0.080319 0.073947 0.042442 
0.206639 0.072282 0.074039 0.073092 0.079705 0.062921 0.050985 0.078202 0.143896 0.142195 0.174292 0.161415 1 0.188232 0.195002 0.162066 0.179184 0.202463 0.246715 0.024339 0.261238 0.207177 0.181899 0.172673 0.189822 0.192380 0.186707 0.169317 0.175930 0.184858 0.181267 0.197624 0.199459 0.214995 0.212690 0.210757 0.107921 0.102683 0.141082 0.134324 0.146847 0.113476 0.252302 0.272607 0.279250 0.267510 0.275349 0.155526 0.059427 0.053798 0.044300 0.058719 0.032805 0.038055 0.105696 0.100066 0.100648 0.069889 0.079042 0.096077 0.072838 0.108082 0.214850 0.260235 0.253285 0.067710 0.252717 0.253908 0.254747 0.242544 0.256103 0.259482 0.058135 0.078722 0.069709 0.080874 0.083371 0.071790 0.148447 0.177563 0.180239 0.170194 0.134846 0.160682 0.247748 0.050145 0.025878 0.067771 0.246140 0.034933 0.244096 0.033460 0.020264 0.210981 0.236659 0.045301 0.033986 0.088304 0.163733 0.160675 0.121496 0.238658 0.299010 0.190012 0.007392 0.016134 0.058280 0.016744 0.026932 5.002657 5.052099 4.834650 4.828403 4.902206 5.099484 4.768358 4.810897 4.911550 4.974173 5.165704 4.460804 4.831487 4.431917 4.907184 4.640095 4.515858 4.430407 4.766623 3.574149 3.599216 3.672666 3.592247 3.705346 3.532666 3.394864 3.543028 3.614893 3.642893 3.573201 3.640539 4.855609 5.144333 4.898970 5.101436 4.915391 5.239884 4.547789 4.723437 4.765951 5.011206 4.792781 4.824687 4.868872 3.830463 3.736478 3.657247 3.874053 3.722087 4.007831 3.855602 3.713194 3.671803 3.671135 3.638371 3.665940 5.276103 5.029353 5.198256 5.034498 5.086745 5.099947 3.562603 3.338262 3.439346 3.772773 3.474468 3.554350 4.363612 4.119256 4.110439 4.157533 4.124645 4.151313 3.553511 4.113528 3.989136 0.161811 0.127274 0.158783 0.218327 0.154298 0.171916 0.241264 0.234981 0.203582 
0.021901 0.119489 0.116286 0.117238 0.111497 0.127032 0.137451 0.110420 0.045783 0.047451 0.018522 0.029243 0.188232 1 0.006819 0.026209 0.012385 0.019471 0.061995 0.200889 0.075682 0.024648 0.009518 0.021138 0.003640 0.009071 0.003972 0.019018 0.012722 0.004148 0.368844 0.385055 0.386896 0.402298 0.399992 0.398097 0.295702 0.290593 0.328861 0.322130 0.334600 0.301375 0.439300 0.459464 0.466124 0.454467 0.462233 0.343224 0.129362 0.134591 0.144121 0.129664 0.155669 0.150380 0.084360 0.090161 0.089147 0.119169 0.110115 0.093568 0.115491 0.080329 0.402207 0.447279 0.440383 0.120678 0.066187 0.067112 0.067769 0.055097 0.069107 0.073291 0.130279 0.109833 0.118796 0.107598 0.105372 0.116720 0.041409 0.021051 0.019898 0.024952 0.055777 0.029169 0.066753 0.233711 0.183038 0.131675 0.064248 0.190901 0.066725 0.218502 0.199072 0.025679 0.049070 0.232508 0.221421 0.108223 0.039841 0.050119 0.090321 0.057688 0.117400 0.005705 0.190799 0.203751 0.245832 0.204610 0.213249 4.833078 4.882398 4.668205 4.661738 4.735056 4.929758 4.595073 4.636938 4.736592 4.798674 4.996043 4.293276 4.662030 4.263932 4.737759 4.471107 4.347346 4.262390 4.597230 3.407987 3.432713 3.505952 3.425558 3.537975 3.366155 3.227664 3.377533 3.449752 3.477028 3.407246 3.474852 4.683795 4.973472 4.730968 4.931242 4.747240 5.068982 4.381150 4.556227 4.598731 4.836253 4.625053 4.657166 4.701197 3.664374 3.569434 3.490570 3.707936 3.556106 3.841969 3.689250 3.545763 3.506553 3.504398 3.472752 3.502439 5.106599 4.862829 5.031159 4.864880 4.919793 4.932783 3.397799 3.171243 3.272171 3.607881 3.308283 3.388666 4.197519 3.953362 3.944356 3.991869 3.958974 3.985684 3.386984 3.949714 3.825475 0.026711 0.061039 0.029542 0.034124 0.038464 0.024393 0.056522 0.049790 0.018793 
0.016681 0.126175 0.123008 0.123961 0.118187 0.133774 0.144230 0.117212 0.052402 0.054090 0.024089 0.035612 0.195002 0.006819 1 0.032995 0.017883 0.015201 0.055675 0.207594 0.069173 0.019927 0.014912 0.026545 0.006223 0.008499 0.009310 0.025815 0.019410 0.010550 0.375584 0.391798 0.393637 0.409037 0.406731 0.404837 0.302453 0.297351 0.335614 0.328883 0.341351 0.308133 0.446010 0.466167 0.472830 0.461176 0.468938 0.349968 0.136122 0.141370 0.150900 0.136445 0.162443 0.157162 0.091050 0.096851 0.095858 0.125931 0.116869 0.100290 0.122270 0.087113 0.408935 0.453993 0.447100 0.127446 0.059584 0.060475 0.061104 0.048397 0.062440 0.066714 0.137066 0.116609 0.125587 0.114385 0.112137 0.123510 0.047989 0.025289 0.023580 0.030299 0.062345 0.035662 0.060901 0.240418 0.189712 0.138214 0.058303 0.197517 0.061374 0.225235 0.205794 0.019867 0.042357 0.239256 0.228176 0.114722 0.044560 0.054538 0.096000 0.051956 0.111133 0.007706 0.197577 0.210527 0.252603 0.211386 0.220025 4.826775 4.876091 4.662007 4.655532 4.728834 4.923450 4.588676 4.630513 4.730134 4.792196 4.989738 4.287082 4.655730 4.257688 4.731461 4.464825 4.341082 4.256145 4.590933 3.401835 3.426549 3.499777 3.419388 3.531775 3.359994 3.221484 3.371405 3.443633 3.470882 3.401100 3.468713 4.677417 4.967125 4.724717 4.924918 4.740983 5.062634 4.374949 4.550003 4.592505 4.829804 4.618812 4.650931 4.694956 3.658213 3.563244 3.484397 3.701773 3.549953 3.835809 3.683079 3.539562 3.500427 3.498221 3.466616 3.496377 5.100299 4.856627 5.024940 4.858575 4.913577 4.926558 3.391695 3.165075 3.265991 3.601765 3.302135 3.382532 4.191340 3.947198 3.938186 3.985711 3.952817 3.979528 3.380821 3.943626 3.819394 0.033416 0.067814 0.036294 0.028296 0.044589 0.029411 0.050205 0.043452 0.013734 
0.046028 0.093710 0.090358 0.091304 0.085719 0.101011 0.111275 0.084248 0.021055 0.022565 0.016821 0.010986 0.162066 0.026209 0.032995 1 0.018957 0.042374 0.086919 0.174940 0.101025 0.047565 0.021011 0.017185 0.027989 0.031334 0.024880 0.007404 0.014146 0.022909 0.342806 0.359028 0.360870 0.376288 0.373980 0.372083 0.269616 0.264491 0.302785 0.296049 0.308528 0.275276 0.413359 0.433547 0.440205 0.428534 0.436312 0.317163 0.103228 0.108412 0.117944 0.103482 0.129499 0.124203 0.058645 0.064422 0.063315 0.093072 0.084051 0.067668 0.089298 0.054143 0.376207 0.421332 0.414427 0.094502 0.091828 0.092855 0.093581 0.081045 0.094930 0.098845 0.104095 0.083678 0.092619 0.081422 0.079256 0.090541 0.017321 0.023072 0.025006 0.018135 0.031105 0.009095 0.090326 0.207751 0.157204 0.106484 0.088114 0.165314 0.088928 0.192448 0.173060 0.050268 0.075057 0.206408 0.195302 0.083289 0.029431 0.039102 0.069693 0.081051 0.141792 0.028386 0.164641 0.177591 0.219702 0.178451 0.187113 4.856855 4.906193 4.691494 4.685063 4.758458 4.953560 4.619335 4.661294 4.761088 4.823248 5.019839 4.316718 4.685779 4.287463 4.761509 4.494785 4.370954 4.285925 4.620971 3.431129 3.455907 3.529192 3.448776 3.561319 3.389337 3.250946 3.400598 3.472776 3.500161 3.430378 3.497951 4.707879 4.997437 4.754500 4.955112 4.770793 5.092958 4.404462 4.579634 4.622140 4.860723 4.648541 4.680624 4.724678 3.687560 3.592739 3.513808 3.731133 3.579261 3.865149 3.712460 3.569132 3.529600 3.527657 3.495852 3.525272 5.130379 4.886142 5.054574 4.888663 4.943176 4.956196 3.420767 3.194472 3.295439 3.630897 3.331414 3.411744 4.220751 3.976518 3.967538 4.014998 3.982102 4.008809 3.410177 3.972639 3.848362 0.003637 0.034843 0.003725 0.058344 0.018676 0.019713 0.081394 0.074764 0.042839 
0.027880 0.109404 0.106461 0.107418 0.101445 0.117372 0.128379 0.101890 0.035644 0.037409 0.006851 0.018479 0.179184 0.012385 0.017883 0.018957 1 0.023733 0.068434 0.190981 0.082717 0.028809 0.003479 0.008844 0.012291 0.013446 0.014054 0.013133 0.011621 0.011832 0.359764 0.376163 0.377982 0.393450 0.391159 0.389231 0.286445 0.281450 0.319807 0.313055 0.325549 0.292319 0.430072 0.450257 0.456992 0.445322 0.453076 0.334155 0.120003 0.125551 0.135082 0.120676 0.146548 0.141398 0.074381 0.080162 0.079300 0.109748 0.100616 0.083797 0.106625 0.071879 0.393089 0.438168 0.431280 0.111560 0.073805 0.074944 0.075752 0.063505 0.077110 0.080713 0.121400 0.100674 0.109918 0.098673 0.096042 0.107888 0.031153 0.010081 0.009967 0.012869 0.045294 0.018839 0.071454 0.223850 0.172916 0.120919 0.069294 0.180455 0.070011 0.208872 0.189306 0.031969 0.057637 0.223082 0.212074 0.097343 0.027574 0.037945 0.078168 0.062154 0.122996 0.017456 0.182068 0.194877 0.237078 0.195691 0.204616 4.840514 4.889835 4.675383 4.668942 4.742301 4.937174 4.603233 4.645084 4.744720 4.806778 5.003442 4.301329 4.669571 4.271551 4.745193 4.478646 4.354934 4.269996 4.604732 3.415532 3.440252 3.513481 3.433094 3.545533 3.373678 3.235182 3.385021 3.457237 3.484509 3.414726 3.482322 4.691509 4.980947 4.738270 4.938687 4.754572 5.076446 4.388407 4.563512 4.605976 4.844240 4.632336 4.664400 4.708437 3.671887 3.576971 3.498098 3.715475 3.563593 3.849490 3.696680 3.553337 3.514040 3.511922 3.480296 3.510009 5.113946 4.869951 5.038274 4.872296 4.926924 4.939938 3.405378 3.178838 3.279758 3.615451 3.315830 3.396215 4.204969 3.960717 3.951713 3.999205 3.966316 3.993022 3.394493 3.957387 3.833083 0.017936 0.052355 0.021432 0.039751 0.026842 0.012105 0.062879 0.056340 0.024505 
0.006763 0.132109 0.129390 0.130345 0.124204 0.140389 0.151718 0.125454 0.058806 0.060566 0.028520 0.041386 0.202463 0.019471 0.015201 0.042374 0.023733 1 0.044790 0.213655 0.059107 0.005772 0.021438 0.029992 0.016596 0.011743 0.023102 0.035762 0.031054 0.023381 0.382798 0.399277 0.401084 0.416566 0.414286 0.412341 0.309467 0.304547 0.342906 0.336151 0.348642 0.315454 0.452898 0.473062 0.479838 0.468180 0.475912 0.357226 0.143222 0.148913 0.158429 0.144066 0.169842 0.164759 0.097323 0.103061 0.102312 0.132936 0.123783 0.106847 0.130091 0.095516 0.416048 0.461061 0.454190 0.134923 0.050416 0.051642 0.052528 0.040706 0.053881 0.057220 0.144826 0.124024 0.133354 0.122117 0.119324 0.131348 0.054288 0.025984 0.023357 0.032997 0.068059 0.042157 0.048187 0.246509 0.195436 0.142838 0.045904 0.202579 0.047561 0.231750 0.212112 0.009040 0.035099 0.246083 0.235141 0.119210 0.043838 0.052278 0.096647 0.038914 0.099464 0.022647 0.205479 0.218217 0.260420 0.219007 0.228036 4.819251 4.868555 4.654536 4.648076 4.721371 4.915868 4.582031 4.623757 4.723207 4.785149 4.982122 4.281045 4.648438 4.250763 4.723966 4.457603 4.334023 4.249189 4.583581 3.395140 3.419793 3.492958 3.412605 3.524902 3.353226 3.214608 3.364685 3.436946 3.464084 3.394304 3.461932 4.670140 4.959499 4.717219 4.917324 4.733530 5.054965 4.367604 4.542617 4.585047 4.822676 4.611335 4.643405 4.687419 3.651418 3.556373 3.477577 3.695009 3.543144 3.829033 3.676124 3.532688 3.493722 3.491372 3.459952 3.489997 5.092599 4.849026 5.017212 4.851016 4.905918 4.918924 3.385219 3.158380 3.259245 3.595224 3.295456 3.375903 4.184406 3.940171 3.931135 3.978678 3.945797 3.972503 3.374017 3.937380 3.813046 0.041647 0.075994 0.045098 0.016269 0.048751 0.031300 0.039269 0.032787 0.003273 
0.041114 0.175760 0.173286 0.174242 0.167936 0.184358 0.196046 0.170020 0.103150 0.104884 0.072828 0.085714 0.246715 0.061995 0.055675 0.086919 0.068434 0.044790 1 0.257119 0.014664 0.039764 0.066004 0.074241 0.059513 0.055634 0.064752 0.080005 0.074590 0.065867 0.426595 0.443186 0.444973 0.460469 0.458207 0.456239 0.353282 0.348470 0.386814 0.380059 0.392541 0.359426 0.496367 0.516492 0.523326 0.511690 0.519387 0.401103 0.187435 0.193269 0.202754 0.188454 0.214100 0.209092 0.141322 0.147006 0.146360 0.177101 0.167941 0.150920 0.174595 0.140177 0.459728 0.504624 0.497781 0.179314 0.009319 0.011156 0.012547 0.013862 0.013475 0.013694 0.189254 0.168374 0.177778 0.166554 0.163612 0.175793 0.098630 0.069336 0.066643 0.076701 0.112084 0.086628 0.011289 0.289890 0.238724 0.185580 0.008599 0.245334 0.018810 0.275446 0.255733 0.036716 0.017580 0.289929 0.279087 0.162061 0.084868 0.091015 0.136320 0.012415 0.055584 0.062632 0.249878 0.262514 0.304709 0.263282 0.272440 4.778604 4.827870 4.614672 4.608160 4.681332 4.875148 4.541091 4.582611 4.681755 4.743513 4.941399 4.241668 4.607951 4.210755 4.683369 4.417242 4.293840 4.209161 4.543061 3.355977 3.380521 3.453560 3.373286 3.485312 3.313977 3.175113 3.325563 3.397898 3.424807 3.355045 3.422732 4.629119 4.918493 4.676953 4.876490 4.693253 5.013928 4.327742 4.502587 4.544974 4.781129 4.571135 4.603217 4.647190 3.612069 3.516830 3.438173 3.655660 3.503839 3.789679 3.636669 3.493037 3.454627 3.451894 3.420805 3.451342 5.051853 4.809057 4.977011 4.810333 4.865804 4.878769 3.346395 3.119124 3.219889 3.556259 3.256325 3.336856 4.144889 3.900771 3.891685 3.939306 3.906435 3.933141 3.334712 3.898628 3.774323 0.086322 0.120671 0.089747 0.028784 0.092619 0.074963 0.006362 0.012718 0.044121 
0.218005 0.081852 0.084867 0.083910 0.089818 0.074196 0.065545 0.093269 0.155580 0.153909 0.185705 0.172970 0.024339 0.200889 0.207594 0.174940 0.190981 0.213655 0.257119 1 0.271720 0.218086 0.193825 0.183824 0.202162 0.204166 0.199728 0.182146 0.189005 0.197741 0.171024 0.188236 0.189945 0.205674 0.203470 0.201378 0.097316 0.093061 0.131418 0.124626 0.137125 0.104300 0.240900 0.261225 0.268187 0.256437 0.264190 0.145621 0.072322 0.068397 0.059454 0.073297 0.048284 0.054053 0.116895 0.111091 0.112039 0.082313 0.091184 0.107586 0.087274 0.122020 0.204165 0.249347 0.242470 0.081493 0.263697 0.265000 0.265926 0.254103 0.267278 0.270240 0.073191 0.091972 0.084109 0.094721 0.096054 0.086260 0.160101 0.188276 0.190931 0.181029 0.145974 0.172487 0.257177 0.032952 0.018816 0.072496 0.255811 0.018136 0.252868 0.019313 0.004292 0.222299 0.248359 0.034536 0.025668 0.095544 0.172836 0.168431 0.126049 0.248301 0.307761 0.203206 0.029740 0.025961 0.055199 0.025091 0.034480 5.010935 5.060370 4.842667 4.836462 4.910306 5.107687 4.778352 4.820805 4.921325 4.983835 5.173851 4.470999 4.840094 4.440879 4.915491 4.648751 4.524692 4.439331 4.775132 3.583342 3.608359 3.681730 3.601376 3.714402 3.541803 3.403915 3.552083 3.623948 3.651869 3.582201 3.649528 4.864496 5.152596 4.907111 5.109675 4.923611 5.248088 4.556012 4.731654 4.774061 5.020684 4.800922 4.832728 4.876913 3.839461 3.745492 3.666303 3.883096 3.731062 4.016809 3.864411 3.722243 3.680840 3.680143 3.647512 3.675207 5.284100 5.037178 5.205943 5.042725 5.094526 5.107784 3.571932 3.347577 3.448596 3.781993 3.483693 3.563575 4.372372 4.127905 4.119075 4.166140 4.133272 4.159925 3.562589 4.122983 3.998450 0.174254 0.140386 0.171509 0.229203 0.165066 0.182629 0.251784 0.245751 0.215028 
0.055284 0.190378 0.187882 0.188839 0.182549 0.198945 0.210563 0.184435 0.117647 0.119384 0.087279 0.100185 0.261238 0.075682 0.069173 0.101025 0.082717 0.059107 0.014664 0.271720 1 0.054212 0.080221 0.088747 0.073376 0.069782 0.078247 0.094028 0.088361 0.079512 0.441089 0.457655 0.459443 0.474924 0.472661 0.470699 0.367823 0.363002 0.401325 0.394573 0.407048 0.373945 0.510829 0.530939 0.537765 0.526137 0.533830 0.415604 0.201982 0.207779 0.217270 0.202955 0.228631 0.223604 0.155903 0.161596 0.160934 0.191657 0.182498 0.165492 0.189060 0.154535 0.474207 0.519076 0.512236 0.193819 0.010243 0.010223 0.010496 0.022242 0.009733 0.003807 0.203740 0.182886 0.192261 0.181032 0.178142 0.190266 0.113120 0.083923 0.081232 0.091273 0.126654 0.101046 0.018875 0.304482 0.253334 0.200204 0.018378 0.259939 0.026962 0.290030 0.270329 0.050823 0.027955 0.304496 0.293648 0.176693 0.099486 0.105510 0.150774 0.025217 0.043151 0.075864 0.264358 0.277019 0.319195 0.277793 0.286907 4.765176 4.814434 4.601518 4.594985 4.668113 4.861711 4.527418 4.568881 4.667952 4.729669 4.927967 4.228440 4.594530 4.197446 4.669956 4.403858 4.280490 4.195849 4.529646 3.342916 3.367432 3.440441 3.360186 3.472134 3.300900 3.161990 3.312544 3.384896 3.411746 3.341990 3.409691 4.615519 4.904969 4.663662 4.863015 4.679949 5.000401 4.314572 4.489364 4.531753 4.767367 4.557869 4.589972 4.633931 3.598968 3.503672 3.425055 3.642549 3.490762 3.776571 3.623563 3.479843 3.441609 3.438763 3.407757 3.438429 5.038434 4.795895 4.963799 4.796905 4.852605 4.865553 3.333420 3.106033 3.206770 3.543245 3.243277 3.323828 4.131748 3.887689 3.878590 3.926237 3.893368 3.920075 3.321627 3.885648 3.761364 0.100562 0.135025 0.103933 0.043112 0.107193 0.089539 0.020206 0.026550 0.058272 
