
---	Treino para o 0-fold	---
Max epochs   100000. Desired error: 0.0010000000.
Epochs            1. Current error: 0.2067526877. Bit fail 3390.
Epochs           30. Current error: 0.0009342668. Bit fail 5.

---	Treino para o 1-fold	---
Max epochs   100000. Desired error: 0.0010000000.
Epochs            1. Current error: 0.0009458865. Bit fail 7.

---	Treino para o 2-fold	---
Max epochs   100000. Desired error: 0.0010000000.
Epochs            1. Current error: 0.0008969257. Bit fail 9.

---	Treino para o 3-fold	---
Max epochs   100000. Desired error: 0.0010000000.
Epochs            1. Current error: 0.0008133313. Bit fail 10.

---	Treino para o 4-fold	---
Max epochs   100000. Desired error: 0.0010000000.
Epochs            1. Current error: 0.0008422286. Bit fail 11.

---	Treino para o 5-fold	---
Max epochs   100000. Desired error: 0.0010000000.
Epochs            1. Current error: 0.0008724841. Bit fail 0.

---	Treino para o 6-fold	---
Max epochs   100000. Desired error: 0.0010000000.
Epochs            1. Current error: 0.0009717941. Bit fail 0.

---	Treino para o 7-fold	---
Max epochs   100000. Desired error: 0.0010000000.
Epochs            1. Current error: 0.0008008308. Bit fail 0.

---	Treino para o 8-fold	---
Max epochs   100000. Desired error: 0.0010000000.
Epochs            1. Current error: 0.0007304936. Bit fail 0.

---	Treino para o 9-fold	---
Max epochs   100000. Desired error: 0.0010000000.
Epochs            1. Current error: 0.0008352282. Bit fail 0.



>>>	ACURACIA: 0.012877
>>>	Hidden neurons: 20

1 0.170498 0.164079 0.165231 0.159712 0.176336 0.184415 0.146488 0.075582 0.076892 0.039763 0.054131 0.248550 0.016598 0.009536 0.048149 0.033941 0.010497 0.038896 0.277518 0.056092 0.006157 0.028326 0.045295 0.015302 0.015753 0.015326 0.038292 0.029640 0.018827 0.475946 0.489860 0.493046 0.510245 0.506802 0.505420 0.386312 0.376599 0.423179 0.415152 0.430438 0.388611 0.575060 0.601157 0.606662 0.591666 0.602630 0.443923 0.178183 0.180851 0.192264 0.174078 0.207753 0.198990 0.124266 0.131922 0.129509 0.164281 0.153715 0.134817 0.157237 0.112432 0.521105 0.580230 0.571041 0.166196 0.050353 0.052970 0.054583 0.043111 0.056247 0.056757 0.173431 0.150911 0.158741 0.145891 0.146908 0.155914 0.070085 0.040446 0.037619 0.048818 0.089529 0.054624 0.030920 0.319677 0.257272 0.194377 0.031298 0.271256 0.021880 0.295917 0.272757 0.003573 0.036966 0.310201 0.294655 0.163382 0.070108 0.082914 0.144370 0.021654 0.080211 0.011080 0.245848 0.263593 0.313022 0.265470 0.271043 3.989609 4.003058 3.963567 3.957302 3.976497 4.015334 3.848202 3.875403 3.921669 3.948435 4.033970 3.668049 3.937010 3.766611 3.962056 3.866973 3.810903 3.770465 3.912081 3.584933 3.598561 3.611862 3.601553 3.622706 3.583200 3.510255 3.524061 3.543475 3.556781 3.544125 3.568140 3.923615 4.021374 3.967512 4.011423 3.969280 4.048291 3.858372 3.907460 3.923543 3.962083 3.930804 3.937618 3.951422 3.624756 3.619776 3.596961 3.635629 3.592257 3.661017 3.657828 3.602001 3.561968 3.583845 3.550222 3.471882 4.061885 4.023645 4.067237 3.996885 4.035918 4.037787 3.532845 3.526948 3.558917 3.582420 3.554675 3.562559 3.783892 3.756183 3.756596 3.759973 3.750636 3.756604 3.577364 3.578987 3.579487 0.051264 0.091429 0.053747 0.008029 0.070948 0.049639 0.031192 0.025652 0.007003 
0.170498 1 0.006575 0.005436 0.010807 0.006163 0.014653 0.024969 0.094981 0.093675 0.130771 0.116412 0.078319 0.154395 0.161888 0.122620 0.136778 0.161269 0.209031 0.107249 0.226274 0.165374 0.142331 0.125332 0.155445 0.154845 0.155848 0.132480 0.141333 0.152211 0.306375 0.320384 0.323581 0.340881 0.337424 0.336029 0.216341 0.206604 0.253372 0.245311 0.260662 0.218673 0.406038 0.432302 0.437847 0.422752 0.433788 0.274218 0.008408 0.011400 0.022333 0.006097 0.037567 0.028985 0.046293 0.038626 0.041070 0.006980 0.017058 0.035779 0.014314 0.058472 0.351768 0.411242 0.401997 0.006314 0.220665 0.223309 0.224936 0.213497 0.226594 0.227043 0.006152 0.020084 0.013029 0.025237 0.023909 0.015774 0.100477 0.130110 0.132963 0.121732 0.081012 0.115948 0.200493 0.149503 0.086987 0.024404 0.201093 0.101068 0.190394 0.125669 0.102452 0.172664 0.207340 0.139994 0.124421 0.008568 0.100815 0.088409 0.028631 0.190686 0.249815 0.160661 0.075739 0.093417 0.142947 0.095273 0.100960 4.082486 4.095288 4.050464 4.044553 4.064000 4.107543 3.941432 3.968569 4.014536 4.041290 4.125782 3.758172 4.029368 3.858728 4.055248 3.959966 3.903544 3.862828 4.005287 3.672603 3.686658 3.700733 3.689760 3.712750 3.670872 3.598798 3.611686 3.631018 3.645286 3.632224 3.656054 4.016760 4.113869 4.056920 4.104160 4.057913 4.140589 3.947049 3.995998 4.011994 4.050554 4.020206 4.026126 4.039738 3.714081 3.709667 3.685932 3.725243 3.680951 3.750779 3.746687 3.692817 3.649857 3.673408 3.638732 3.560167 4.153149 4.109588 4.153124 4.089317 4.122387 4.123558 3.619992 3.614466 3.647153 3.670826 3.641943 3.649913 3.872764 3.844141 3.844767 3.847700 3.838372 3.844310 3.665347 3.667545 3.668159 0.119435 0.079325 0.117010 0.177395 0.099732 0.121047 0.201133 0.195583 0.164373 
0.164079 0.006575 1 0.001171 0.004479 0.012279 0.020596 0.018417 0.088544 0.087233 0.124349 0.109982 0.084679 0.147958 0.155454 0.116173 0.130363 0.154879 0.202651 0.113715 0.219895 0.158978 0.135910 0.118929 0.149009 0.148422 0.149398 0.126028 0.134882 0.145761 0.312770 0.326763 0.329961 0.347255 0.343797 0.342405 0.222750 0.213003 0.259765 0.251706 0.267056 0.225066 0.412438 0.438698 0.444237 0.429145 0.440180 0.280617 0.014316 0.017126 0.028424 0.010621 0.043832 0.035139 0.039844 0.032182 0.034605 0.001751 0.010496 0.029301 0.008058 0.051971 0.358165 0.417633 0.408388 0.004214 0.214271 0.216912 0.218536 0.207087 0.220195 0.220654 0.010173 0.013518 0.006765 0.018665 0.017360 0.009347 0.094041 0.123706 0.126563 0.115324 0.074589 0.109512 0.194136 0.155961 0.093468 0.030967 0.194727 0.107575 0.184055 0.132105 0.108899 0.166256 0.200928 0.146415 0.130833 0.006022 0.094485 0.082155 0.023460 0.184331 0.243484 0.154206 0.082036 0.099753 0.149299 0.101623 0.107275 4.078527 4.091351 4.046691 4.040768 4.060209 4.103606 3.937459 3.964598 4.010578 4.037334 4.121859 3.754283 4.025423 3.854786 4.051278 3.955998 3.899587 3.858879 4.001315 3.668801 3.682843 3.696894 3.685941 3.708874 3.667070 3.594974 3.607888 3.627221 3.641460 3.628411 3.652245 4.012791 4.109924 4.053068 4.100207 4.054086 4.136652 3.943215 3.992171 4.008171 4.046738 4.016353 4.022302 4.035920 3.710226 3.705796 3.682090 3.721380 3.677117 3.746910 3.742847 3.688919 3.646049 3.669548 3.634906 3.556350 4.149245 4.105849 4.149393 4.085371 4.118634 4.119828 3.616207 3.610672 3.643335 3.667000 3.638154 3.646121 3.868921 3.840327 3.840947 3.843893 3.834565 3.840503 3.661536 3.663711 3.664324 0.112997 0.072861 0.110565 0.171002 0.093346 0.114659 0.194754 0.189197 0.157967 
0.165231 0.005436 0.001171 1 0.005599 0.011131 0.019469 0.019544 0.089697 0.088386 0.125501 0.111134 0.083527 0.149109 0.156605 0.117325 0.131513 0.156026 0.203799 0.112559 0.221043 0.160128 0.137060 0.120078 0.150161 0.149574 0.150551 0.127181 0.136035 0.146914 0.311620 0.325614 0.328812 0.346106 0.342648 0.341256 0.221598 0.211851 0.258614 0.250555 0.265905 0.223915 0.411290 0.437550 0.443089 0.427997 0.439032 0.279465 0.013189 0.016013 0.027291 0.009570 0.042688 0.034002 0.040999 0.033337 0.035761 0.002059 0.011649 0.030458 0.009078 0.053123 0.357015 0.416484 0.407240 0.003813 0.215420 0.218061 0.219686 0.208238 0.221345 0.221803 0.009153 0.014662 0.007754 0.019810 0.018514 0.010412 0.095194 0.124857 0.127714 0.116476 0.075742 0.110666 0.195284 0.154806 0.092313 0.029827 0.195875 0.106420 0.185201 0.130951 0.107745 0.167407 0.202078 0.145261 0.129679 0.006203 0.095630 0.083292 0.024422 0.185477 0.244628 0.155359 0.080888 0.098604 0.148149 0.100472 0.106126 4.079208 4.092028 4.047336 4.041416 4.060858 4.104282 3.938143 3.965282 4.011260 4.038014 4.122533 3.754949 4.026102 3.855465 4.051961 3.956681 3.900269 3.859559 4.001999 3.669453 3.683497 3.697553 3.686597 3.709541 3.667722 3.595631 3.608539 3.627872 3.642117 3.629066 3.652899 4.013474 4.110602 4.053729 4.100887 4.054742 4.137330 3.943872 3.992827 4.008826 4.047392 4.017015 4.022957 4.036574 3.710889 3.706462 3.682750 3.722043 3.677775 3.747575 3.743506 3.689590 3.646702 3.670212 3.635562 3.557005 4.149915 4.106488 4.150030 4.086051 4.119275 4.120464 3.616856 3.611323 3.643991 3.667656 3.638804 3.646771 3.869581 3.840981 3.841602 3.844545 3.835217 3.841155 3.662190 3.664368 3.664982 0.114149 0.074013 0.111717 0.172152 0.094495 0.115808 0.195902 0.190346 0.159117 
0.159712 0.010807 0.004479 0.005599 1 0.016708 0.025062 0.014633 0.084185 0.082876 0.119981 0.105618 0.089080 0.143608 0.151103 0.111830 0.125997 0.150499 0.198265 0.118050 0.215511 0.154598 0.131546 0.114552 0.144655 0.144059 0.145057 0.121687 0.130544 0.141420 0.317132 0.331132 0.334329 0.351623 0.348166 0.346772 0.227118 0.217378 0.264137 0.256078 0.271427 0.229444 0.416774 0.443030 0.448571 0.433481 0.444514 0.284982 0.018750 0.021594 0.032884 0.015061 0.048265 0.039594 0.035491 0.027824 0.030267 0.005301 0.006503 0.024979 0.005578 0.047707 0.362517 0.421973 0.412732 0.007803 0.209895 0.212538 0.214165 0.202721 0.215823 0.216276 0.014582 0.009629 0.005133 0.014701 0.013241 0.006616 0.089682 0.119326 0.122180 0.110946 0.070218 0.105154 0.189738 0.160299 0.097789 0.035095 0.190333 0.111866 0.179647 0.136463 0.113250 0.161885 0.196563 0.150783 0.135207 0.006245 0.090070 0.077714 0.019297 0.179933 0.239081 0.149870 0.086462 0.104166 0.153704 0.106030 0.111695 4.076365 4.089208 4.044698 4.038764 4.058199 4.101464 3.935271 3.962415 4.008405 4.035162 4.119729 3.752175 4.023273 3.852631 4.049106 3.953826 3.897420 3.856717 3.999139 3.666755 3.680787 3.694817 3.683882 3.706765 3.665024 3.592895 3.605836 3.625174 3.639388 3.626348 3.650190 4.010615 4.107773 4.051004 4.098050 4.052043 4.134509 3.941164 3.990127 4.006131 4.044688 4.014286 4.020260 4.033885 3.708138 3.703692 3.680009 3.719284 3.675043 3.744813 3.740775 3.686786 3.643994 3.667449 3.632832 3.554275 4.147131 4.103887 4.147432 4.083223 4.116656 4.117869 3.614171 3.608624 3.641271 3.664933 3.636117 3.644082 3.866860 3.838290 3.838903 3.841862 3.832533 3.838473 3.659480 3.661640 3.662250 0.108647 0.068540 0.106222 0.166623 0.088962 0.110274 0.190370 0.184817 0.153595 
0.176336 0.006163 0.012279 0.011131 0.016708 1 0.008536 0.030309 0.100804 0.099493 0.136610 0.122243 0.072418 0.160204 0.167700 0.128417 0.142619 0.167137 0.214908 0.101498 0.232149 0.171239 0.148166 0.131192 0.161259 0.160678 0.161639 0.138272 0.147122 0.158003 0.300549 0.314542 0.317742 0.335040 0.331580 0.330189 0.210508 0.200755 0.247527 0.239467 0.254820 0.212820 0.400261 0.426531 0.432070 0.416972 0.428012 0.268388 0.002826 0.005426 0.016234 0.003894 0.031571 0.022910 0.052111 0.044453 0.046867 0.012137 0.022672 0.041558 0.019525 0.064166 0.345962 0.405453 0.396205 0.010711 0.226523 0.229163 0.230787 0.219337 0.232446 0.232906 0.004628 0.025583 0.018016 0.030707 0.029526 0.020870 0.106302 0.135973 0.138830 0.127591 0.086858 0.121770 0.206397 0.143737 0.081272 0.019365 0.206988 0.095411 0.196317 0.119864 0.096665 0.178513 0.213177 0.134167 0.118580 0.014574 0.106752 0.094404 0.034768 0.196591 0.255734 0.166444 0.069771 0.087483 0.137035 0.089354 0.095008 4.085185 4.097960 4.052922 4.047026 4.066483 4.110212 3.944173 3.971303 4.017255 4.044006 4.128434 3.760801 4.032051 3.861423 4.057961 3.962682 3.906254 3.865532 4.008007 3.675148 3.689217 3.703321 3.692323 3.715382 3.673417 3.601393 3.614241 3.633565 3.647870 3.634794 3.658612 4.019481 4.116551 4.059481 4.106852 4.060443 4.143262 3.949591 3.998530 4.014521 4.053099 4.022771 4.028655 4.042256 3.716684 3.712295 3.688527 3.727856 3.683535 3.753394 3.749267 3.695484 3.652415 3.676029 3.641317 3.562757 4.155777 4.112003 4.155536 4.091997 4.124824 4.125968 3.622525 3.617016 3.649725 3.673399 3.644477 3.652448 3.875324 3.846668 3.847302 3.850217 3.840891 3.846826 3.667906 3.670124 3.670744 0.125246 0.085095 0.122810 0.183260 0.105611 0.126924 0.207010 0.201453 0.170224 
0.184415 0.014653 0.020596 0.019469 0.025062 0.008536 1 0.038072 0.108885 0.107575 0.144694 0.130328 0.064289 0.168231 0.175725 0.136436 0.150681 0.175224 0.223014 0.093596 0.240247 0.179333 0.156230 0.139286 0.169302 0.168744 0.169652 0.146292 0.155126 0.166017 0.292498 0.306470 0.309672 0.326966 0.323502 0.322118 0.202466 0.192694 0.239462 0.231404 0.246756 0.204746 0.392262 0.418537 0.424067 0.408966 0.420012 0.260331 0.006469 0.003587 0.007872 0.010362 0.023381 0.014608 0.060248 0.052614 0.054997 0.020214 0.030770 0.049683 0.027260 0.072105 0.337932 0.397439 0.388186 0.018332 0.234603 0.237239 0.238858 0.227396 0.240517 0.240994 0.011050 0.033543 0.025774 0.038607 0.037545 0.028622 0.114382 0.144087 0.146947 0.135701 0.094976 0.129839 0.214534 0.135801 0.073442 0.013727 0.215116 0.087668 0.204480 0.111875 0.088719 0.186585 0.221232 0.126141 0.110537 0.022844 0.114937 0.102652 0.043106 0.204721 0.263876 0.174445 0.061555 0.079321 0.128886 0.081211 0.086809 4.089099 4.101840 4.056511 4.050636 4.070107 4.114091 3.948133 3.975255 4.021193 4.047941 4.132292 3.764595 4.035940 3.865313 4.061893 3.966610 3.910168 3.869435 4.011943 3.678821 3.692911 3.707055 3.696023 3.719178 3.677091 3.605131 3.617925 3.637241 3.651596 3.638500 3.662303 4.023418 4.120449 4.063209 4.110761 4.064130 4.147149 3.953285 4.002213 4.018199 4.056807 4.026501 4.032336 4.045928 3.720441 3.716083 3.692269 3.731626 3.687264 3.757168 3.752993 3.699326 3.656106 3.679806 3.645043 3.566485 4.159606 4.115540 4.159073 4.095888 4.128390 4.129498 3.626180 3.620693 3.653434 3.677112 3.648135 3.656109 3.879034 3.850330 3.850976 3.853865 3.844541 3.850474 3.671599 3.673843 3.674470 0.133281 0.093096 0.130829 0.191348 0.113722 0.135036 0.215105 0.209538 0.178296 
0.146488 0.024969 0.018417 0.019544 0.014633 0.030309 0.038072 1 0.070980 0.069663 0.106779 0.092408 0.102317 0.130272 0.137771 0.098473 0.112777 0.137366 0.185167 0.131632 0.202401 0.141460 0.118310 0.101422 0.131345 0.130812 0.131666 0.108309 0.117144 0.128033 0.330401 0.344342 0.347543 0.364812 0.361350 0.359972 0.240450 0.230675 0.277405 0.269354 0.284693 0.242712 0.430075 0.456319 0.461836 0.446755 0.457788 0.298259 0.032014 0.034504 0.045904 0.027718 0.061433 0.052620 0.022681 0.015378 0.017503 0.018205 0.008152 0.012381 0.011089 0.034126 0.375796 0.435239 0.425995 0.020063 0.196723 0.199353 0.200966 0.189483 0.202628 0.203125 0.027031 0.005013 0.012370 0.001495 0.002864 0.009520 0.076468 0.106218 0.109087 0.097833 0.057156 0.091906 0.176747 0.173836 0.111447 0.049271 0.177306 0.125634 0.166745 0.149921 0.126770 0.148682 0.183314 0.164177 0.148575 0.019977 0.077351 0.065413 0.016841 0.166941 0.226150 0.136452 0.099526 0.117318 0.166852 0.119218 0.124762 4.067563 4.080445 4.036223 4.030270 4.049695 4.092706 3.926455 3.953603 3.999621 4.026384 4.110996 3.743490 4.014493 3.843858 4.040283 3.945007 3.888619 3.847931 3.990312 3.658244 3.672250 3.686237 3.675340 3.698123 3.656515 3.584362 3.597345 3.616680 3.630841 3.617827 3.641672 4.001799 4.099004 4.042393 4.089262 4.043477 4.125756 3.932580 3.981556 3.997566 4.036169 4.005672 4.011696 4.025334 3.699531 3.695057 3.671428 3.710659 3.666478 3.736175 3.732189 3.678106 3.635477 3.658840 3.624284 3.545753 4.138437 4.095482 4.139048 4.074449 4.108227 4.109483 3.605697 3.600137 3.632737 3.656380 3.627635 3.635592 3.858259 3.829739 3.830342 3.833324 3.823995 3.829936 3.650957 3.653064 3.653676 0.095339 0.055153 0.092873 0.153477 0.075956 0.097219 0.177264 0.171682 0.140401 
0.075582 0.094981 0.088544 0.089697 0.084185 0.100804 0.108885 0.070980 1 0.001458 0.035829 0.021458 0.173079 0.059465 0.066964 0.027733 0.041892 0.066475 0.114252 0.202114 0.131503 0.070526 0.047414 0.030494 0.060498 0.059911 0.060917 0.037547 0.046423 0.057275 0.400868 0.414816 0.418009 0.435252 0.431801 0.430416 0.311045 0.301311 0.347981 0.339939 0.355257 0.313345 0.500260 0.526437 0.531956 0.516914 0.527912 0.368776 0.102646 0.105320 0.116742 0.098545 0.132240 0.123475 0.048712 0.056372 0.053953 0.088738 0.078166 0.059261 0.081701 0.036952 0.446146 0.505440 0.496223 0.090657 0.125836 0.128473 0.130093 0.118622 0.131755 0.132236 0.097903 0.075364 0.083216 0.070360 0.071355 0.080392 0.005503 0.035248 0.038121 0.026861 0.014001 0.020977 0.105827 0.244329 0.181855 0.118963 0.106380 0.195896 0.095850 0.220516 0.197331 0.077775 0.112456 0.234812 0.219243 0.087969 0.008792 0.011636 0.069450 0.096039 0.155288 0.065738 0.170380 0.188138 0.237635 0.190018 0.195606 4.029951 4.043112 4.001168 3.995060 4.014382 4.055385 3.888608 3.915796 3.961952 3.988728 4.073850 3.706929 3.977086 3.806491 4.002528 3.907304 3.851045 3.810461 3.952533 3.622702 3.636533 3.650196 3.639577 3.661585 3.620970 3.548406 3.561788 3.581169 3.594925 3.582078 3.606015 3.964039 4.061557 4.006260 4.051712 4.007674 4.088399 3.896724 3.945775 3.961828 4.000374 3.969528 3.975937 3.989661 3.663301 3.658582 3.635335 3.674310 3.630500 3.699775 3.696172 3.641228 3.599828 3.622488 3.588365 3.509892 4.101532 4.060852 4.104448 4.037028 4.073372 4.074924 3.570353 3.564630 3.596941 3.620523 3.592249 3.600174 3.822293 3.794154 3.794666 3.797839 3.788502 3.794459 3.615276 3.617143 3.617705 0.024533 0.016028 0.022152 0.082560 0.006094 0.026345 0.106361 0.100783 0.069495 
0.076892 0.093675 0.087233 0.088386 0.082876 0.099493 0.107575 0.069663 0.001458 1 0.037148 0.022766 0.171780 0.060790 0.068291 0.029066 0.043242 0.067818 0.115579 0.200822 0.132831 0.071861 0.048745 0.031850 0.061813 0.061231 0.062226 0.038858 0.047745 0.058587 0.399577 0.413524 0.416717 0.433962 0.430510 0.429125 0.309748 0.300012 0.346686 0.338643 0.353962 0.312047 0.498980 0.525159 0.530678 0.515634 0.526635 0.367485 0.101344 0.104012 0.115432 0.097235 0.130933 0.122164 0.047399 0.055062 0.052638 0.087423 0.076852 0.057947 0.080402 0.035662 0.444860 0.504159 0.494941 0.089360 0.127162 0.129796 0.131416 0.119944 0.133079 0.133560 0.096591 0.074049 0.081895 0.069040 0.070043 0.079071 0.006830 0.036572 0.039448 0.028193 0.012719 0.022300 0.107161 0.243037 0.180566 0.117679 0.107712 0.194607 0.097187 0.219221 0.196036 0.079106 0.113779 0.233516 0.217946 0.086691 0.009979 0.011223 0.068226 0.097382 0.156626 0.067047 0.169075 0.186834 0.236333 0.188715 0.194302 4.030551 4.043706 4.001719 3.995614 4.014937 4.055978 3.889220 3.916406 3.962556 3.989331 4.074439 3.707522 3.977684 3.807097 4.003133 3.907912 3.851654 3.811069 3.953140 3.623279 3.637112 3.650781 3.640157 3.662180 3.621547 3.548993 3.562367 3.581747 3.595510 3.582660 3.606595 3.964645 4.062152 4.006831 4.052310 4.008239 4.088991 3.897295 3.946342 3.962394 4.000940 3.970101 3.976502 3.990224 3.663889 3.659177 3.635922 3.674901 3.631085 3.700365 3.696755 3.641831 3.600408 3.623080 3.588950 3.510478 4.102114 4.061391 4.104984 4.037623 4.073915 4.075461 3.570927 3.565208 3.597523 3.621106 3.592823 3.600749 3.822870 3.794725 3.795238 3.798408 3.789072 3.795027 3.615855 3.617727 3.618290 0.025885 0.014803 0.023503 0.083898 0.007475 0.027718 0.107699 0.102123 0.070832 
0.039763 0.130771 0.124349 0.125501 0.119981 0.136610 0.144694 0.106779 0.035829 0.037148 1 0.014388 0.208856 0.023799 0.031263 0.008899 0.006540 0.030794 0.078458 0.237847 0.095708 0.034745 0.011719 0.005896 0.024749 0.024104 0.025315 0.003690 0.011258 0.021700 0.436463 0.450398 0.453587 0.470811 0.467364 0.465980 0.346727 0.337005 0.383633 0.375598 0.390902 0.349029 0.535721 0.561859 0.567374 0.552353 0.563335 0.404402 0.138453 0.141129 0.152549 0.134356 0.168041 0.159279 0.084525 0.092181 0.089769 0.124552 0.113983 0.095078 0.117508 0.072717 0.481684 0.540898 0.531694 0.126464 0.090028 0.092662 0.094283 0.082813 0.095946 0.096429 0.133713 0.111182 0.119026 0.106172 0.107175 0.116201 0.030333 0.001790 0.003003 0.009138 0.049778 0.014891 0.070101 0.280038 0.217591 0.154680 0.070626 0.231598 0.060234 0.256254 0.233079 0.041973 0.076650 0.270547 0.254990 0.123675 0.030668 0.043564 0.104801 0.060357 0.119587 0.030157 0.206161 0.223913 0.273378 0.225790 0.231374 4.010858 4.024157 3.983370 3.977187 3.996451 4.036433 3.869457 3.896656 3.942869 3.969645 4.054981 3.688477 3.958111 3.787587 3.983370 3.888200 3.832023 3.791503 3.933377 3.604774 3.618511 3.632005 3.621531 3.643138 3.603042 3.530289 3.543872 3.563271 3.576816 3.564058 3.588035 3.944896 4.042542 3.987919 4.032646 3.989500 4.069423 3.878556 3.927630 3.943700 3.982237 3.951193 3.957794 3.971559 3.645011 3.640170 3.617123 3.655958 3.612349 3.681389 3.677981 3.622615 3.581854 3.604147 3.570256 3.491836 4.082777 4.043250 4.086850 4.018029 4.055655 4.057357 3.552541 3.546737 3.578890 3.602437 3.574409 3.582316 3.804091 3.776153 3.776618 3.779887 3.770550 3.776512 3.597279 3.599029 3.599563 0.011723 0.051706 0.014244 0.046781 0.031268 0.010263 0.070590 0.065011 0.033719 
0.054131 0.116412 0.109982 0.111134 0.105618 0.122243 0.130328 0.092408 0.021458 0.022766 0.014388 1 0.194509 0.038090 0.045584 0.006984 0.020591 0.045119 0.092833 0.223521 0.110085 0.049120 0.026022 0.009371 0.039079 0.038476 0.039549 0.016294 0.025164 0.035917 0.422193 0.436132 0.439322 0.456554 0.453105 0.451721 0.332419 0.322691 0.369337 0.361299 0.376609 0.334719 0.521509 0.547664 0.553180 0.538150 0.549139 0.390119 0.124092 0.126764 0.138183 0.119989 0.153680 0.144914 0.070153 0.077812 0.075396 0.110180 0.099610 0.080705 0.103148 0.058365 0.467438 0.526686 0.517477 0.112106 0.104409 0.107042 0.108663 0.097191 0.110325 0.110809 0.119344 0.096808 0.104651 0.091797 0.092803 0.101826 0.015961 0.013884 0.016765 0.005660 0.035416 0.001149 0.084452 0.265722 0.203265 0.140360 0.084988 0.217285 0.074532 0.241925 0.218746 0.056357 0.091027 0.256219 0.240656 0.109358 0.017027 0.029789 0.090610 0.074693 0.133933 0.044387 0.191808 0.209564 0.259043 0.211442 0.217026 4.018428 4.031670 3.990417 3.984264 4.003551 4.043944 3.877053 3.904247 3.950436 3.977211 4.062458 3.695793 3.965635 3.795088 3.990968 3.895779 3.839570 3.799024 3.940976 3.611882 3.625657 3.639220 3.628687 3.650457 3.610150 3.537475 3.550977 3.570368 3.583999 3.571205 3.595165 3.952488 4.050078 3.995185 4.040204 3.996698 4.076943 3.885755 3.934818 3.950881 3.989419 3.958458 3.964981 3.978728 3.652265 3.647474 3.624347 3.663237 3.619548 3.688681 3.685195 3.630001 3.588981 3.611423 3.577438 3.498998 4.090207 4.050215 4.093812 4.025560 4.062666 4.064307 3.559603 3.553832 3.586049 3.609609 3.581482 3.589396 3.811306 3.783287 3.783771 3.787001 3.777664 3.783624 3.604416 3.606211 3.606757 0.004145 0.037376 0.003437 0.061161 0.017188 0.006022 0.084967 0.079390 0.048095 
0.248550 0.078319 0.084679 0.083527 0.089080 0.072418 0.064289 0.102317 0.173079 0.171780 0.208856 0.194509 1 0.232358 0.239841 0.200591 0.214798 0.239289 0.287048 0.029886 0.304259 0.243422 0.220360 0.203409 0.233445 0.232879 0.233798 0.210460 0.219271 0.230167 0.228374 0.242371 0.245575 0.262895 0.259428 0.258041 0.138269 0.128493 0.175291 0.167225 0.182591 0.140548 0.328276 0.354596 0.360135 0.345007 0.356072 0.196166 0.070487 0.067848 0.056453 0.074632 0.040932 0.049746 0.124463 0.116813 0.119222 0.084453 0.095015 0.113912 0.091455 0.136311 0.273863 0.333461 0.324192 0.082476 0.298643 0.301281 0.302901 0.291461 0.304558 0.305022 0.075307 0.097815 0.090048 0.102882 0.101804 0.092892 0.178576 0.208233 0.211082 0.199854 0.159164 0.194020 0.278540 0.071733 0.011650 0.055079 0.279137 0.025212 0.268464 0.047739 0.024879 0.250680 0.285302 0.061927 0.046310 0.085743 0.178960 0.166534 0.105666 0.268717 0.327768 0.238587 0.003953 0.015225 0.064687 0.017027 0.022799 4.125401 4.137904 4.090714 4.084973 4.104514 4.150135 3.984764 4.011831 4.057619 4.084335 4.168177 3.800319 4.072113 3.901561 4.098330 4.003067 3.946556 3.905764 4.048434 3.713660 3.727886 3.742286 3.731032 3.754803 3.711930 3.640326 3.652800 3.672074 3.686749 3.673522 3.697243 4.059897 4.156596 4.098304 4.146997 4.098953 4.183201 3.988233 4.037066 4.053003 4.091658 4.061633 4.067146 4.080656 3.755822 3.751659 3.727546 3.767099 3.722453 3.792675 3.788184 3.735233 3.691044 3.715299 3.680202 3.601635 4.195270 4.149332 4.192798 4.132028 4.162358 4.163218 3.660884 3.655522 3.688485 3.712214 3.682858 3.690858 3.914127 3.885120 3.885840 3.888573 3.879261 3.885178 3.706550 3.709032 3.709681 0.197433 0.157279 0.194983 0.255417 0.177821 0.199139 0.279128 0.273572 0.242389 
0.016598 0.154395 0.147958 0.149109 0.143608 0.160204 0.168231 0.130272 0.059465 0.060790 0.023799 0.038090 0.232358 1 0.007516 0.031821 0.017776 0.008527 0.055158 0.261405 0.072330 0.011986 0.012222 0.029270 0.001772 0.002381 0.002330 0.022008 0.013192 0.002855 0.459845 0.473751 0.476939 0.494142 0.490696 0.489318 0.370191 0.360466 0.407055 0.399027 0.414318 0.372474 0.559025 0.585136 0.590638 0.575634 0.586605 0.427803 0.162009 0.164661 0.176079 0.157887 0.191572 0.182805 0.108156 0.115811 0.113390 0.148131 0.137570 0.118690 0.141019 0.096183 0.505030 0.564188 0.554992 0.149993 0.066575 0.069192 0.070795 0.059284 0.072459 0.073003 0.157235 0.134736 0.142560 0.129708 0.130742 0.139727 0.053980 0.024682 0.021922 0.032902 0.073447 0.038523 0.047120 0.303577 0.241169 0.178314 0.047553 0.255193 0.037725 0.279787 0.256634 0.018640 0.053102 0.294060 0.278503 0.147320 0.054257 0.067135 0.128453 0.037475 0.096420 0.006698 0.229640 0.247401 0.296832 0.249281 0.254834 3.997957 4.011345 3.971277 3.965047 3.984278 4.023624 3.856526 3.883733 3.929989 3.956766 4.042225 3.675966 3.945284 3.774803 3.970427 3.875289 3.819165 3.778684 3.920435 3.592606 3.606284 3.619673 3.609289 3.630646 3.590875 3.518017 3.531722 3.551128 3.564542 3.551841 3.575839 3.931967 4.029696 3.975491 4.019766 3.977177 4.056604 3.866230 3.915321 3.931402 3.969957 3.938767 3.945489 3.959279 3.632616 3.627698 3.604779 3.643521 3.600044 3.668930 3.665646 3.610020 3.569661 3.591726 3.557981 3.479602 4.070096 4.031285 4.074894 4.005190 4.043620 4.045417 3.540452 3.534600 3.566651 3.590171 3.562302 3.570195 3.791742 3.763927 3.764364 3.767693 3.758355 3.764321 3.585072 3.586740 3.587260 0.034994 0.075178 0.037443 0.023598 0.054862 0.033680 0.047292 0.041672 0.010601 
0.009536 0.161888 0.155454 0.156605 0.151103 0.167700 0.175725 0.137771 0.066964 0.068291 0.031263 0.045584 0.239841 0.007516 1 0.039321 0.025205 0.004956 0.047724 0.268879 0.064865 0.005805 0.019660 0.036712 0.006662 0.007431 0.006451 0.029509 0.020667 0.009920 0.467285 0.481188 0.484375 0.501573 0.498128 0.496750 0.377652 0.367931 0.414509 0.406483 0.421769 0.379935 0.566433 0.592536 0.598037 0.583037 0.594005 0.435249 0.169500 0.172155 0.183572 0.165382 0.199063 0.190298 0.115654 0.123308 0.120889 0.155629 0.145068 0.126189 0.148512 0.103679 0.512457 0.571596 0.562403 0.157483 0.059095 0.061709 0.063308 0.051794 0.064973 0.065528 0.164731 0.142234 0.150060 0.137208 0.138240 0.147227 0.061478 0.032088 0.029294 0.040355 0.080941 0.046016 0.039790 0.311045 0.248643 0.185791 0.040189 0.262664 0.030637 0.287261 0.264111 0.011311 0.045610 0.301533 0.285979 0.154798 0.061665 0.074528 0.135893 0.030232 0.088992 0.002979 0.237125 0.254884 0.304307 0.256764 0.262316 3.994026 4.007444 3.967619 3.961373 3.980592 4.019724 3.852588 3.879797 3.926065 3.952842 4.038343 3.672177 3.941377 3.770912 3.966482 3.871355 3.815248 3.774781 3.916491 3.588923 3.602581 3.615933 3.605581 3.626852 3.587191 3.514295 3.528042 3.547452 3.560821 3.548138 3.572145 3.928027 4.025784 3.971718 4.015841 3.973441 4.052700 3.862493 3.911591 3.927675 3.966235 3.934996 3.941759 3.955558 3.628855 3.623911 3.601036 3.639747 3.596313 3.665149 3.661906 3.606191 3.565969 3.587955 3.554260 3.475893 4.066239 4.027668 4.071279 4.001280 4.039979 4.041808 3.536795 3.530924 3.562942 3.586454 3.558638 3.566527 3.788000 3.760226 3.760653 3.764003 3.754664 3.760632 3.581374 3.583019 3.583532 0.042485 0.082674 0.044933 0.016295 0.062323 0.041099 0.039855 0.034229 0.004153 
0.048149 0.122620 0.116173 0.117325 0.111830 0.128417 0.136436 0.098473 0.027733 0.029066 0.008899 0.006984 0.200591 0.031821 0.039321 1 0.014479 0.039074 0.086835 0.229673 0.104055 0.043139 0.019932 0.004851 0.032929 0.032420 0.033287 0.009975 0.018743 0.029651 0.428251 0.442171 0.445362 0.462584 0.459134 0.457755 0.338514 0.328780 0.375408 0.367373 0.382678 0.340797 0.527552 0.553698 0.559206 0.544181 0.555168 0.396179 0.130215 0.132866 0.144287 0.126090 0.159786 0.151016 0.076375 0.084029 0.081604 0.116338 0.105775 0.086901 0.109216 0.064373 0.473488 0.532720 0.523511 0.118194 0.098342 0.100969 0.102580 0.091082 0.104244 0.104761 0.125438 0.102935 0.110763 0.097909 0.098942 0.107931 0.022284 0.009010 0.011594 0.004560 0.041716 0.007158 0.078561 0.271868 0.209432 0.146586 0.079072 0.223482 0.068762 0.248054 0.224892 0.050281 0.084904 0.262332 0.246764 0.115595 0.023361 0.036172 0.096928 0.068775 0.127989 0.038104 0.197870 0.215640 0.265100 0.217521 0.223078 4.014890 4.028155 3.987054 3.980890 4.000174 4.040433 3.873485 3.900687 3.946896 3.973678 4.058963 3.692280 3.962104 3.791539 3.987414 3.892217 3.836012 3.795469 3.937414 3.608452 3.622215 3.635756 3.625242 3.646960 3.606720 3.534022 3.547548 3.566941 3.580545 3.567763 3.591728 3.948934 4.046562 3.991750 4.036675 3.993287 4.073437 3.882322 3.931398 3.947466 3.986025 3.955017 3.961567 3.975324 3.648788 3.643981 3.620880 3.659752 3.616088 3.685193 3.681734 3.626480 3.585544 3.607939 3.573983 3.495547 4.086736 4.046895 4.090506 4.022038 4.059334 4.060997 3.556186 3.550407 3.582603 3.606156 3.578064 3.585975 3.807855 3.779859 3.780337 3.783581 3.774242 3.780203 3.600977 3.602748 3.603293 0.003345 0.043363 0.005673 0.055128 0.023364 0.005325 0.078930 0.073324 0.042009 
0.033941 0.136778 0.130363 0.131513 0.125997 0.142619 0.150681 0.112777 0.041892 0.043242 0.006540 0.020591 0.214798 0.017776 0.025205 0.014479 1 0.024658 0.072472 0.243787 0.089705 0.028738 0.005715 0.011533 0.018875 0.018209 0.019485 0.005720 0.005860 0.015907 0.442357 0.456289 0.459476 0.476694 0.473248 0.471865 0.352654 0.342936 0.389548 0.381515 0.396814 0.354954 0.541573 0.567701 0.573214 0.558199 0.569176 0.410297 0.144429 0.147112 0.158534 0.140343 0.174018 0.165266 0.090563 0.098210 0.095806 0.130565 0.120000 0.101108 0.123469 0.078678 0.487559 0.546751 0.537550 0.132423 0.084031 0.086671 0.088292 0.076823 0.089954 0.090440 0.139703 0.117190 0.125042 0.112191 0.113184 0.122218 0.036420 0.007397 0.004956 0.015303 0.055831 0.021022 0.064131 0.285973 0.223536 0.160641 0.064660 0.237544 0.054306 0.262196 0.239029 0.035954 0.070650 0.276485 0.260930 0.129636 0.036497 0.049378 0.110701 0.054323 0.113566 0.024304 0.212113 0.229867 0.279315 0.231740 0.237319 4.008022 4.021349 3.980753 3.974556 3.993815 4.033628 3.866576 3.893785 3.940021 3.966802 4.052195 3.685678 3.955285 3.784738 3.980516 3.885335 3.829162 3.788644 3.930513 3.602058 3.615781 3.629250 3.618798 3.640342 3.600325 3.527531 3.541149 3.560554 3.574066 3.561320 3.585307 3.942038 4.039727 3.985211 4.029819 3.986821 4.066622 3.875852 3.924942 3.941019 3.979559 3.948478 3.955113 3.968888 3.642241 3.637378 3.614362 3.653178 3.609597 3.678608 3.675233 3.619786 3.579126 3.601362 3.567504 3.489081 4.080019 4.040680 4.084292 4.015213 4.053069 4.054796 3.549837 3.544019 3.576151 3.599694 3.571704 3.579608 3.801365 3.773455 3.773912 3.777199 3.767859 3.773823 3.594551 3.596278 3.596809 0.017482 0.057644 0.019991 0.040743 0.037132 0.015926 0.064543 0.058948 0.027648 
0.010497 0.161269 0.154879 0.156026 0.150499 0.167137 0.175224 0.137366 0.066475 0.067818 0.030794 0.045119 0.239289 0.008527 0.004956 0.039074 0.024658 1 0.047909 0.268196 0.065144 0.004636 0.019200 0.036006 0.007777 0.007570 0.008665 0.029529 0.021010 0.011287 0.466675 0.480605 0.483789 0.500995 0.497554 0.496167 0.377041 0.367339 0.413917 0.405888 0.421176 0.379352 0.565766 0.591864 0.597376 0.582378 0.593341 0.434639 0.168959 0.171660 0.183079 0.164897 0.198548 0.189808 0.115105 0.122741 0.120350 0.155106 0.144545 0.125654 0.148028 0.103284 0.511823 0.570948 0.561759 0.156969 0.059531 0.062184 0.063822 0.052414 0.065476 0.065920 0.164260 0.141754 0.149612 0.136770 0.137744 0.146795 0.061004 0.031389 0.028500 0.039713 0.080372 0.045615 0.039590 0.310361 0.247952 0.185047 0.040124 0.261915 0.029891 0.286623 0.263464 0.011762 0.046264 0.300915 0.285376 0.154047 0.060690 0.073434 0.134917 0.029759 0.088963 0.007489 0.236630 0.254368 0.303785 0.256232 0.261822 3.995819 4.009245 3.969500 3.963248 3.982463 4.021525 3.854324 3.881543 3.927818 3.954597 4.040149 3.673951 3.943173 3.772684 3.968268 3.873132 3.817021 3.776550 3.918270 3.590711 3.604367 3.617712 3.607367 3.628617 3.588978 3.516037 3.529805 3.549224 3.562583 3.549902 3.573920 3.929801 4.027575 3.973561 4.017632 3.975292 4.054493 3.864336 3.913440 3.929528 3.968038 3.936836 3.943611 3.957412 3.630632 3.625677 3.602807 3.641523 3.598086 3.666931 3.663699 3.607936 3.567744 3.589712 3.556022 3.477632 4.068052 4.029561 4.073168 4.003078 4.041863 4.043698 3.538572 3.532692 3.564711 3.588232 3.560420 3.568312 3.789827 3.762063 3.762486 3.765844 3.756502 3.762471 3.583153 3.584800 3.585308 0.042133 0.082253 0.044638 0.016340 0.061602 0.040290 0.039998 0.034430 0.003817 
0.038896 0.209031 0.202651 0.203799 0.198265 0.214908 0.223014 0.185167 0.114252 0.115579 0.078458 0.092833 0.287048 0.055158 0.047724 0.086835 0.072472 0.047909 1 0.315885 0.017273 0.043751 0.066931 0.083817 0.054045 0.054463 0.053946 0.077068 0.068333 0.057528 0.514143 0.528059 0.531237 0.548415 0.544981 0.543595 0.424634 0.414951 0.461469 0.453451 0.468717 0.426952 0.613038 0.639084 0.644589 0.629622 0.640561 0.482160 0.216751 0.219453 0.230863 0.212692 0.246323 0.237588 0.162882 0.170520 0.168130 0.202888 0.192330 0.173436 0.195845 0.151106 0.559209 0.618218 0.609049 0.204778 0.011861 0.014532 0.016220 0.006208 0.017828 0.018099 0.212057 0.189549 0.197400 0.184561 0.185539 0.194583 0.108767 0.079040 0.076166 0.087423 0.128148 0.093337 0.009107 0.358004 0.295648 0.232759 0.008265 0.309569 0.019358 0.334309 0.311165 0.036592 0.004920 0.348596 0.333077 0.201784 0.108386 0.121043 0.182531 0.018694 0.041366 0.049352 0.284394 0.302113 0.351488 0.303976 0.309568 3.970939 3.984549 3.946426 3.940073 3.959196 3.996826 3.829482 3.856695 3.903021 3.929780 4.015554 3.650202 3.918490 3.748197 3.943315 3.848308 3.792344 3.751985 3.893350 3.567673 3.581190 3.594292 3.584154 3.604831 3.565939 3.492764 3.506812 3.526250 3.539305 3.526753 3.550818 3.904899 4.002788 3.949733 3.992780 3.951697 4.029745 3.840818 3.889925 3.906024 3.944532 3.913040 3.920078 3.933926 3.607069 3.601941 3.579365 3.617868 3.574733 3.643218 3.640258 3.583925 3.544654 3.566095 3.532747 3.454470 4.043597 4.006713 4.050293 3.978326 4.018847 4.020888 3.515725 3.509726 3.541510 3.564977 3.537520 3.545383 3.766310 3.738836 3.739193 3.742685 3.733347 3.739322 3.560022 3.561527 3.561985 0.089924 0.130086 0.092420 0.031779 0.109417 0.088081 0.008217 0.013739 0.044847 
0.277518 0.107249 0.113715 0.112559 0.118050 0.101498 0.093596 0.131632 0.202114 0.200822 0.237847 0.223521 0.029886 0.261405 0.268879 0.229673 0.243787 0.268196 0.315885 1 0.333088 0.272332 0.249355 0.232361 0.262478 0.261871 0.262881 0.239549 0.248365 0.259250 0.199486 0.213587 0.216779 0.234135 0.230681 0.229264 0.109337 0.099670 0.146455 0.138381 0.153750 0.111768 0.299297 0.325634 0.331210 0.316071 0.327134 0.167278 0.099667 0.097156 0.085816 0.103932 0.070326 0.079162 0.153502 0.145840 0.148282 0.113609 0.124146 0.142985 0.120710 0.165515 0.244932 0.304541 0.295275 0.111696 0.327525 0.330171 0.331800 0.320398 0.333452 0.333882 0.104636 0.127022 0.119333 0.132132 0.130972 0.122190 0.207608 0.237171 0.240007 0.228806 0.188162 0.223052 0.307307 0.042293 0.020340 0.083377 0.307930 0.007500 0.297179 0.018645 0.005174 0.279626 0.314252 0.033027 0.017834 0.114367 0.207752 0.195191 0.133914 0.297492 0.356425 0.267685 0.033263 0.016690 0.037030 0.014745 0.012609 4.143616 4.156024 4.108150 4.102461 4.122020 4.168242 4.003118 4.030159 4.075873 4.102567 4.186218 3.818406 4.090293 3.919800 4.116603 4.021368 3.964840 3.924030 4.066738 3.731375 3.745652 3.760146 3.748810 3.772807 3.729644 3.658151 3.670516 3.689780 3.704571 3.691293 3.714990 4.078187 4.174735 4.116071 4.165177 4.116615 4.201294 4.005976 4.054761 4.070674 4.109292 4.079424 4.084814 4.098288 3.773740 3.769645 3.745421 3.785053 3.740295 3.810643 3.806033 3.753338 3.708791 3.733249 3.698030 3.619452 4.213214 4.166584 4.209999 4.150177 4.179671 4.180430 3.678547 3.673221 3.706272 3.730031 3.700526 3.708539 3.931941 3.902825 3.903571 3.906247 3.896940 3.902851 3.724303 3.726899 3.727546 0.226489 0.186405 0.224063 0.284317 0.206750 0.228055 0.307974 0.302446 0.271335 
0.056092 0.226274 0.219895 0.221043 0.215511 0.232149 0.240247 0.202401 0.131503 0.132831 0.095708 0.110085 0.304259 0.072330 0.064865 0.104055 0.089705 0.065144 0.017273 0.333088 1 0.061000 0.084167 0.101069 0.071234 0.071687 0.071078 0.094274 0.085508 0.074676 0.531245 0.545151 0.548327 0.565493 0.562062 0.560676 0.441790 0.432112 0.478604 0.470591 0.485848 0.444106 0.630066 0.656091 0.661592 0.646637 0.657567 0.499279 0.233986 0.236686 0.248093 0.229926 0.263550 0.254817 0.180133 0.187770 0.185380 0.220130 0.209573 0.190684 0.213079 0.168339 0.576278 0.635244 0.626081 0.222011 0.006032 0.003971 0.003387 0.013531 0.002973 0.001697 0.229291 0.206790 0.214638 0.201800 0.202781 0.211820 0.126018 0.096300 0.093428 0.104681 0.145404 0.110582 0.026018 0.375189 0.312857 0.249989 0.025324 0.326772 0.036327 0.351506 0.328371 0.053797 0.019535 0.365786 0.350273 0.219022 0.125635 0.138280 0.199752 0.035800 0.024519 0.066423 0.301605 0.319320 0.368675 0.321183 0.326770 3.962010 3.975687 3.938142 3.931754 3.950845 3.987963 3.820563 3.847776 3.894122 3.920876 4.006729 3.641670 3.909631 3.739405 3.934357 3.839396 3.783483 3.743164 3.884404 3.559401 3.572868 3.585882 3.575819 3.596290 3.557666 3.484409 3.498559 3.518001 3.530947 3.518443 3.542523 3.895962 3.993894 3.941181 3.983861 3.943228 4.020866 3.832373 3.881484 3.897587 3.936100 3.904499 3.911631 3.925496 3.598608 3.593417 3.570947 3.609373 3.566349 3.634703 3.631840 3.575304 3.536364 3.557615 3.524391 3.446156 4.034824 3.998512 4.042085 3.969443 4.010587 4.012703 3.507523 3.501481 3.533180 3.556627 3.529298 3.537151 3.757865 3.730494 3.730828 3.734368 3.725031 3.731008 3.551717 3.553169 3.553610 0.107154 0.147322 0.109642 0.048996 0.126666 0.105333 0.025242 0.030825 0.062069 
