
---	Treino para o 0-fold	---
Max epochs    10000. Desired error: 0.0010000000.
Epochs            1. Current error: 0.2132173926. Bit fail 3376.
Epochs           10. Current error: 0.0019011151. Bit fail 10.
Epochs           20. Current error: 0.0014356337. Bit fail 10.
Epochs           30. Current error: 0.0010200221. Bit fail 7.
Epochs           31. Current error: 0.0009745717. Bit fail 7.

---	Treino para o 1-fold	---
Max epochs    10000. Desired error: 0.0010000000.
Epochs            1. Current error: 0.0010759796. Bit fail 8.
Epochs            3. Current error: 0.0009815973. Bit fail 7.

---	Treino para o 2-fold	---
Max epochs    10000. Desired error: 0.0010000000.
Epochs            1. Current error: 0.0009958323. Bit fail 9.

---	Treino para o 3-fold	---
Max epochs    10000. Desired error: 0.0010000000.
Epochs            1. Current error: 0.0009480899. Bit fail 10.

---	Treino para o 4-fold	---
Max epochs    10000. Desired error: 0.0010000000.
Epochs            1. Current error: 0.0010069800. Bit fail 12.
Epochs            2. Current error: 0.0009018857. Bit fail 12.

---	Treino para o 5-fold	---
Max epochs    10000. Desired error: 0.0010000000.
Epochs            1. Current error: 0.0009085498. Bit fail 12.

---	Treino para o 6-fold	---
Max epochs    10000. Desired error: 0.0010000000.
Epochs            1. Current error: 0.0008466010. Bit fail 0.

---	Treino para o 7-fold	---
Max epochs    10000. Desired error: 0.0010000000.
Epochs            1. Current error: 0.0008077708. Bit fail 0.

---	Treino para o 8-fold	---
Max epochs    10000. Desired error: 0.0010000000.
Epochs            1. Current error: 0.0009634013. Bit fail 0.

---	Treino para o 9-fold	---
Max epochs    10000. Desired error: 0.0010000000.
Epochs            1. Current error: 0.0009180647. Bit fail 0.



>>>	ACURACIA: 0.012977
>>>	Hidden neurons: 3

1 0.056444 0.054730 0.055106 0.053199 0.058755 0.061673 0.050125 0.025902 0.026494 0.013630 0.018719 0.080909 0.006154 0.003512 0.017107 0.011489 0.002998 0.014846 0.088194 0.021136 0.001212 0.009940 0.015088 0.005702 0.005501 0.006022 0.013819 0.010759 0.007111 0.144356 0.148485 0.149273 0.153811 0.152986 0.152500 0.120330 0.117986 0.130750 0.128547 0.132668 0.121358 0.168024 0.174203 0.175750 0.172219 0.174706 0.135736 0.059189 0.060471 0.064111 0.058385 0.068727 0.066277 0.041994 0.044428 0.043813 0.055200 0.051796 0.045547 0.052878 0.038611 0.155470 0.169759 0.167579 0.055453 0.018713 0.019513 0.020042 0.015559 0.020663 0.021189 0.058404 0.051074 0.053954 0.049736 0.049593 0.053097 0.024139 0.013478 0.012490 0.016388 0.030368 0.018897 0.012876 0.100346 0.081870 0.062441 0.012852 0.085562 0.009656 0.094015 0.087146 0.001444 0.013282 0.098476 0.094103 0.053003 0.022212 0.025864 0.045274 0.009172 0.031794 0.004453 0.080718 0.085916 0.100556 0.086345 0.088456 2.504547 2.509762 2.495981 2.493618 2.501084 2.514410 2.401371 2.425879 2.452608 2.468336 2.520897 2.295718 2.482051 2.395476 2.492963 2.448325 2.419342 2.397634 2.470417 2.217049 2.224422 2.244859 2.221867 2.252012 2.200884 2.135221 2.193875 2.218740 2.225059 2.203967 2.228680 2.471987 2.515987 2.496929 2.513024 2.498027 2.524978 2.446329 2.472101 2.479349 2.473569 2.481706 2.485710 2.491531 2.284376 2.259480 2.236815 2.296031 2.252873 2.324736 2.296226 2.247872 2.236440 2.235915 2.225315 2.210568 2.529356 2.517249 2.528852 2.507586 2.520788 2.521476 2.208834 2.124621 2.164397 2.265608 2.181151 2.209519 2.406606 2.372348 2.370327 2.379420 2.372080 2.377635 2.204379 2.289244 2.289554 0.017778 0.031475 0.018728 0.003590 0.023309 0.016106 0.012477 0.010269 0.001826 
0.056444 1 0.001716 0.001341 0.003253 0.002316 0.005230 0.006353 0.030578 0.029980 0.042842 0.037755 0.024501 0.050422 0.053124 0.039445 0.045072 0.053842 0.071283 0.031824 0.077563 0.055457 0.046616 0.041438 0.050804 0.051000 0.050497 0.042684 0.045772 0.049392 0.088361 0.092524 0.093318 0.097900 0.097066 0.096575 0.064154 0.061794 0.074646 0.072425 0.076579 0.065185 0.112247 0.118489 0.120053 0.116484 0.118997 0.079655 0.002747 0.004027 0.007677 0.001942 0.012304 0.009850 0.014468 0.012035 0.012648 0.001247 0.004658 0.010914 0.003662 0.017908 0.099570 0.114001 0.111798 0.001162 0.075140 0.075936 0.076463 0.071992 0.077084 0.077607 0.001963 0.005387 0.002499 0.006722 0.006868 0.003355 0.032341 0.042990 0.043992 0.040087 0.026110 0.037584 0.069309 0.044045 0.025484 0.006001 0.069282 0.029195 0.066094 0.037676 0.030781 0.057773 0.069722 0.042158 0.037760 0.003489 0.034296 0.030654 0.011236 0.065612 0.088202 0.052065 0.024316 0.029541 0.044240 0.029966 0.032080 2.558612 2.563857 2.550004 2.547618 2.555125 2.568539 2.454506 2.479256 2.506230 2.522093 2.575071 2.347567 2.535938 2.448582 2.546952 2.501948 2.472693 2.450771 2.524222 2.269711 2.277186 2.297628 2.274683 2.304846 2.253650 2.187666 2.246019 2.270916 2.277364 2.256284 2.281085 2.525776 2.570121 2.550942 2.567140 2.552034 2.579176 2.499996 2.525923 2.533233 2.527370 2.535609 2.539634 2.545494 2.336996 2.312238 2.289488 2.348679 2.305377 2.377431 2.349133 2.300519 2.288707 2.288451 2.277528 2.261900 2.583587 2.571409 2.583083 2.561668 2.574970 2.575653 2.260917 2.177289 2.217148 2.317850 2.233721 2.261966 2.459897 2.425685 2.423680 2.432746 2.425370 2.430943 2.257068 2.341028 2.341493 0.038758 0.025060 0.037810 0.060016 0.033224 0.040413 0.068921 0.066713 0.054868 
0.054730 0.001716 1 0.000377 0.001537 0.004032 0.006946 0.004641 0.028862 0.028265 0.041127 0.036039 0.026216 0.048706 0.051408 0.037729 0.043356 0.052127 0.069570 0.033539 0.075849 0.053742 0.044901 0.039722 0.049089 0.049285 0.048781 0.040968 0.044057 0.047677 0.090065 0.094228 0.095022 0.099602 0.098768 0.098278 0.065864 0.063504 0.076353 0.074132 0.078286 0.066894 0.113945 0.120186 0.121749 0.118181 0.120694 0.081361 0.004459 0.005742 0.009393 0.003655 0.014019 0.011565 0.012752 0.010319 0.010933 0.000470 0.002943 0.009198 0.001997 0.016193 0.101271 0.115699 0.113496 0.000891 0.073427 0.074223 0.074750 0.070279 0.075371 0.075894 0.003675 0.003673 0.000787 0.005007 0.005153 0.001640 0.030625 0.041275 0.042276 0.038371 0.024394 0.035868 0.067595 0.045757 0.027199 0.007717 0.067569 0.030910 0.064380 0.039390 0.032495 0.056058 0.068008 0.043871 0.039474 0.001797 0.032580 0.028938 0.009523 0.063897 0.086490 0.050350 0.026031 0.031255 0.045953 0.031681 0.033795 2.556990 2.562234 2.548383 2.545998 2.553504 2.566914 2.452915 2.477657 2.504622 2.520482 2.573445 2.346019 2.534322 2.446992 2.545332 2.500341 2.471096 2.449180 2.522609 2.268136 2.275608 2.296049 2.273103 2.303265 2.252071 2.186098 2.244461 2.269357 2.275801 2.254720 2.279518 2.524163 2.568496 2.549321 2.565516 2.550414 2.577549 2.498387 2.524309 2.531617 2.525757 2.533992 2.538016 2.543875 2.335422 2.310659 2.287912 2.347105 2.303807 2.375855 2.347550 2.298945 2.287144 2.286880 2.275968 2.260369 2.581959 2.569783 2.581455 2.560046 2.573344 2.574027 2.259361 2.175714 2.215570 2.316289 2.232149 2.260398 2.458301 2.424087 2.422082 2.431149 2.423774 2.429346 2.255491 2.339481 2.339942 0.037042 0.023345 0.036094 0.058302 0.031508 0.038697 0.067207 0.064998 0.053153 
0.055106 0.001341 0.000377 1 0.001911 0.003658 0.006571 0.005012 0.029238 0.028640 0.041503 0.036415 0.025842 0.049082 0.051784 0.038104 0.043732 0.052502 0.069946 0.033166 0.076226 0.054118 0.045276 0.040097 0.049465 0.049661 0.049157 0.041344 0.044433 0.048053 0.089697 0.093860 0.094654 0.099234 0.098401 0.097910 0.065493 0.063133 0.075983 0.073763 0.077916 0.066524 0.113579 0.119821 0.121384 0.117816 0.120329 0.080992 0.004083 0.005366 0.009018 0.003279 0.013645 0.011191 0.013128 0.010694 0.011308 0.000095 0.003317 0.009573 0.002344 0.016567 0.100904 0.115333 0.113130 0.000610 0.073803 0.074600 0.075127 0.070656 0.075747 0.076271 0.003298 0.004046 0.001158 0.005381 0.005527 0.002014 0.031001 0.041651 0.042652 0.038747 0.024770 0.036244 0.067972 0.045385 0.026825 0.007342 0.067945 0.030537 0.064757 0.039017 0.032122 0.056434 0.068385 0.043499 0.039101 0.002157 0.032956 0.029313 0.009895 0.064274 0.086867 0.050726 0.025657 0.030882 0.045581 0.031308 0.033421 2.557357 2.562601 2.548750 2.546365 2.553871 2.567282 2.453277 2.478020 2.504987 2.520847 2.573813 2.346374 2.534688 2.447354 2.545699 2.500706 2.471459 2.449542 2.522974 2.268495 2.275968 2.296409 2.273463 2.303626 2.252431 2.186456 2.244817 2.269714 2.276158 2.255077 2.279876 2.524529 2.568864 2.549688 2.565884 2.550781 2.577917 2.498752 2.524675 2.531983 2.526123 2.534358 2.538382 2.544242 2.335781 2.311019 2.288271 2.347464 2.304166 2.376215 2.347910 2.299304 2.287501 2.287238 2.276325 2.260721 2.582327 2.570151 2.581823 2.560413 2.573712 2.574394 2.259717 2.176073 2.215930 2.316646 2.232508 2.260756 2.458664 2.424450 2.422445 2.431512 2.424137 2.429709 2.255851 2.339836 2.340297 0.037417 0.023719 0.036469 0.058678 0.031883 0.039073 0.067583 0.065375 0.053529 
0.053199 0.003253 0.001537 0.001911 1 0.005569 0.008481 0.003104 0.027327 0.026730 0.039593 0.034505 0.027753 0.047172 0.049874 0.036193 0.041821 0.050592 0.068040 0.035076 0.074320 0.052209 0.043366 0.038187 0.047556 0.047752 0.047248 0.039434 0.042522 0.046143 0.091599 0.095761 0.096555 0.101134 0.100301 0.099810 0.067400 0.065040 0.077888 0.075668 0.079820 0.068430 0.115475 0.121715 0.123278 0.119711 0.122223 0.082896 0.005992 0.007277 0.010929 0.005188 0.015556 0.013102 0.011217 0.008783 0.009397 0.002005 0.001406 0.007662 0.000680 0.014656 0.102803 0.117229 0.115026 0.002285 0.071897 0.072694 0.073221 0.068749 0.073842 0.074366 0.005207 0.002135 0.000755 0.003470 0.003616 0.000103 0.029090 0.039742 0.040743 0.036838 0.022859 0.034334 0.066065 0.047294 0.028736 0.009253 0.066039 0.032447 0.062850 0.040927 0.034033 0.054525 0.066478 0.045408 0.041011 0.000405 0.031045 0.027402 0.007986 0.062365 0.084962 0.048817 0.027568 0.032792 0.047490 0.033219 0.035332 2.555560 2.560803 2.546955 2.544570 2.552074 2.565482 2.451516 2.476250 2.503207 2.519062 2.572011 2.344662 2.532898 2.445595 2.543905 2.498926 2.469690 2.447781 2.521188 2.266753 2.274221 2.294662 2.271714 2.301876 2.250684 2.184722 2.243094 2.267990 2.274429 2.253348 2.278143 2.522743 2.567064 2.547893 2.564085 2.548986 2.576114 2.496971 2.522887 2.530193 2.524336 2.532568 2.536591 2.542449 2.334040 2.309273 2.286528 2.345722 2.302429 2.374471 2.346158 2.297562 2.285774 2.285501 2.274599 2.259028 2.580523 2.568350 2.580019 2.558615 2.571910 2.572593 2.257997 2.174330 2.214184 2.314919 2.230769 2.259022 2.456897 2.422682 2.420676 2.429744 2.422370 2.427942 2.254107 2.338126 2.338582 0.035506 0.021808 0.034558 0.056770 0.029972 0.037163 0.065676 0.063467 0.051620 
0.058755 0.002316 0.004032 0.003658 0.005569 1 0.002917 0.008669 0.032893 0.032295 0.045155 0.040069 0.022185 0.052736 0.055437 0.041761 0.047387 0.056157 0.073593 0.029508 0.079871 0.057770 0.048931 0.043752 0.053117 0.053313 0.052810 0.044998 0.048087 0.051706 0.086055 0.090219 0.091014 0.095596 0.094763 0.094272 0.061843 0.059482 0.072336 0.070115 0.074270 0.062874 0.109948 0.116192 0.117757 0.114186 0.116700 0.077346 0.000504 0.001719 0.005361 0.000440 0.009987 0.007533 0.016784 0.014351 0.014964 0.003563 0.006975 0.013230 0.005962 0.020224 0.097267 0.111703 0.109499 0.003391 0.077449 0.078245 0.078772 0.074302 0.079392 0.079916 0.000437 0.007703 0.004815 0.009039 0.009184 0.005671 0.034656 0.045304 0.046305 0.042401 0.028426 0.039898 0.071618 0.041730 0.023168 0.003687 0.071592 0.026880 0.068405 0.035361 0.028465 0.060085 0.072032 0.039843 0.035444 0.005800 0.036611 0.032970 0.013551 0.067924 0.090509 0.054378 0.021999 0.027224 0.041925 0.027650 0.029764 2.560783 2.566030 2.552173 2.549786 2.557295 2.570713 2.456632 2.481393 2.508379 2.524249 2.577247 2.349633 2.538100 2.450707 2.549119 2.504098 2.474830 2.452897 2.526380 2.271815 2.279295 2.299737 2.276794 2.306958 2.255759 2.189760 2.248099 2.272998 2.279451 2.258372 2.283177 2.527933 2.572295 2.553110 2.569314 2.554203 2.581353 2.502147 2.528082 2.535395 2.529528 2.537772 2.541797 2.547660 2.339098 2.314346 2.291592 2.350782 2.307474 2.379537 2.351248 2.302623 2.290792 2.290549 2.279611 2.263942 2.585766 2.573584 2.585262 2.563840 2.577147 2.577829 2.262994 2.179394 2.219256 2.319934 2.235821 2.264060 2.462030 2.427820 2.425817 2.434881 2.427504 2.433077 2.259173 2.343090 2.343563 0.041073 0.027377 0.040126 0.062328 0.035540 0.042728 0.071231 0.069024 0.057182 
0.061673 0.005230 0.006946 0.006571 0.008481 0.002917 1 0.011576 0.035808 0.035211 0.048072 0.042985 0.019275 0.055652 0.058354 0.044675 0.050302 0.059073 0.076511 0.026605 0.082789 0.060687 0.051847 0.046668 0.056034 0.056230 0.055727 0.047914 0.051003 0.054622 0.083181 0.087347 0.088142 0.092727 0.091893 0.091402 0.058956 0.056594 0.069455 0.067232 0.071389 0.059987 0.107088 0.113337 0.114902 0.111329 0.113845 0.074465 0.002495 0.001206 0.002453 0.003295 0.007080 0.004627 0.019698 0.017264 0.017878 0.006477 0.009887 0.016143 0.008852 0.023134 0.094399 0.108844 0.106639 0.006267 0.080366 0.081163 0.081689 0.077220 0.082310 0.082833 0.003277 0.010614 0.007727 0.011951 0.012096 0.008584 0.037571 0.048220 0.049222 0.045317 0.031340 0.042814 0.074536 0.038834 0.020264 0.000773 0.074509 0.023978 0.071322 0.032460 0.025563 0.063002 0.074950 0.036944 0.032543 0.008701 0.039526 0.035883 0.016457 0.070841 0.093426 0.057295 0.019092 0.024321 0.039026 0.024746 0.026859 2.563585 2.568833 2.554973 2.552584 2.560096 2.573518 2.459388 2.484161 2.511159 2.527036 2.580055 2.352325 2.540894 2.453462 2.551917 2.506878 2.477597 2.455653 2.529170 2.274548 2.282033 2.302475 2.279535 2.309700 2.258497 2.192483 2.250806 2.275707 2.282167 2.261087 2.285897 2.530722 2.575100 2.555910 2.572118 2.557002 2.584162 2.504930 2.530872 2.538188 2.532317 2.540565 2.544592 2.550457 2.341829 2.317084 2.294326 2.353514 2.310199 2.382271 2.353993 2.305355 2.293505 2.293275 2.282322 2.266609 2.588576 2.576391 2.588072 2.566643 2.579954 2.580637 2.265698 2.182127 2.221994 2.322646 2.238550 2.266782 2.464794 2.430587 2.428584 2.437647 2.430267 2.435842 2.261907 2.345780 2.346260 0.043988 0.030288 0.043040 0.065245 0.038453 0.045644 0.074149 0.071941 0.060098 
0.050125 0.006353 0.004641 0.005012 0.003104 0.008669 0.011576 1 0.024242 0.023645 0.036512 0.031423 0.030851 0.044088 0.046791 0.033104 0.038734 0.047507 0.064968 0.038177 0.071251 0.049130 0.040280 0.035100 0.044475 0.044672 0.044167 0.036350 0.039438 0.043062 0.094702 0.098863 0.099657 0.104236 0.103403 0.102913 0.070504 0.068144 0.080992 0.078772 0.082924 0.071534 0.118575 0.124814 0.126376 0.122810 0.125321 0.086000 0.009083 0.010371 0.014027 0.008281 0.018655 0.016201 0.008131 0.005697 0.006312 0.005107 0.001706 0.004578 0.002757 0.011557 0.105905 0.120328 0.118126 0.005329 0.068828 0.069626 0.070153 0.065678 0.070774 0.071298 0.008299 0.000974 0.003855 0.000442 0.000555 0.003002 0.026005 0.036662 0.037661 0.033756 0.019772 0.031250 0.062995 0.050398 0.031837 0.012349 0.062969 0.035549 0.059778 0.044029 0.037134 0.051447 0.063406 0.048511 0.044113 0.002880 0.027956 0.024311 0.004883 0.059289 0.081897 0.045737 0.030667 0.035893 0.050593 0.036319 0.038433 2.552726 2.557967 2.544124 2.541742 2.549243 2.562644 2.448752 2.473468 2.500407 2.516252 2.569169 2.341990 2.530078 2.442833 2.541077 2.496126 2.466910 2.445017 2.518374 2.264023 2.271484 2.291925 2.268974 2.299134 2.247947 2.182007 2.240401 2.265295 2.271725 2.250643 2.275432 2.519930 2.564225 2.545063 2.561247 2.546157 2.573271 2.494168 2.520072 2.527373 2.521523 2.529747 2.533768 2.539623 2.331314 2.306536 2.283798 2.342993 2.299711 2.371739 2.343411 2.294833 2.283072 2.282780 2.271901 2.256392 2.577677 2.565509 2.577173 2.555780 2.569067 2.569751 2.255308 2.171600 2.211447 2.312219 2.228045 2.256307 2.454122 2.419903 2.417896 2.426966 2.419595 2.425165 2.251375 2.335459 2.335904 0.032418 0.018712 0.031469 0.053692 0.026881 0.034076 0.062602 0.060392 0.048538 
0.025902 0.030578 0.028862 0.029238 0.027327 0.032893 0.035808 0.024242 1 0.000601 0.012276 0.007185 0.055072 0.019847 0.022551 0.008871 0.014494 0.023265 0.040748 0.062381 0.047037 0.024893 0.016039 0.010859 0.020237 0.020435 0.019928 0.012108 0.015196 0.018824 0.118751 0.122898 0.123689 0.128251 0.127421 0.126932 0.094627 0.092274 0.105086 0.102873 0.107012 0.095657 0.142534 0.148746 0.150302 0.146751 0.149251 0.110085 0.033319 0.034604 0.038254 0.032515 0.042878 0.040424 0.016111 0.018546 0.017932 0.029332 0.025922 0.019667 0.026990 0.012710 0.129915 0.144279 0.142087 0.029570 0.044615 0.045414 0.045942 0.041461 0.046564 0.047089 0.032534 0.025197 0.028082 0.023859 0.023715 0.027225 0.001764 0.012427 0.013423 0.009518 0.004470 0.007010 0.038778 0.074572 0.056046 0.036579 0.038753 0.059749 0.035558 0.068220 0.061335 0.027212 0.039184 0.072693 0.068306 0.027122 0.003722 0.000439 0.019379 0.035056 0.057693 0.021499 0.054884 0.060099 0.074775 0.060526 0.062640 2.529614 2.534841 2.521031 2.518659 2.526142 2.539503 2.426056 2.450664 2.477494 2.493278 2.546009 2.319864 2.507046 2.420150 2.517999 2.473212 2.444117 2.422320 2.495378 2.241536 2.248952 2.269391 2.246418 2.276571 2.225414 2.159616 2.218144 2.243023 2.249396 2.228309 2.253059 2.496942 2.541082 2.521975 2.538112 2.523071 2.550099 2.471234 2.497069 2.504343 2.498529 2.506707 2.510720 2.516557 2.308846 2.284008 2.261306 2.320513 2.277294 2.349237 2.320816 2.272353 2.260761 2.260350 2.249614 2.234494 2.554490 2.542355 2.553986 2.532660 2.545903 2.546588 2.233078 2.149110 2.188920 2.289919 2.205599 2.233916 2.431356 2.397116 2.395103 2.404184 2.396829 2.402392 2.228877 2.313362 2.313738 0.008182 0.005584 0.007237 0.029460 0.002683 0.009835 0.038376 0.036162 0.024299 
0.026494 0.029980 0.028265 0.028640 0.026730 0.032295 0.035211 0.023645 0.000601 1 0.012870 0.007779 0.054473 0.020443 0.023146 0.009471 0.015092 0.023862 0.041340 0.061782 0.047629 0.025487 0.016636 0.011457 0.020832 0.021029 0.020523 0.012705 0.015793 0.019419 0.118150 0.122297 0.123088 0.127650 0.126820 0.126332 0.094027 0.091674 0.104485 0.102273 0.106412 0.095056 0.141933 0.148145 0.149701 0.146150 0.148651 0.109485 0.032721 0.034007 0.037656 0.031918 0.042279 0.039826 0.015514 0.017949 0.017335 0.028734 0.025325 0.019070 0.026394 0.012117 0.129314 0.143678 0.141486 0.028973 0.045206 0.046005 0.046533 0.042052 0.047155 0.047680 0.031937 0.024600 0.027485 0.023262 0.023118 0.026628 0.002361 0.013020 0.014017 0.010112 0.003875 0.007605 0.039369 0.073973 0.055447 0.035981 0.039344 0.059150 0.036150 0.067620 0.060736 0.027806 0.039776 0.072094 0.067706 0.026525 0.004322 0.000833 0.018784 0.035650 0.058283 0.022094 0.054286 0.059500 0.074175 0.059927 0.062041 2.530161 2.535388 2.521577 2.519204 2.526688 2.540051 2.426589 2.451200 2.478034 2.493820 2.546557 2.320378 2.507590 2.420682 2.518544 2.473752 2.444653 2.422853 2.495921 2.242062 2.249479 2.269918 2.246946 2.277099 2.225941 2.160139 2.218663 2.243542 2.249917 2.228830 2.253581 2.497484 2.541630 2.522521 2.538660 2.523617 2.550648 2.471774 2.497612 2.504887 2.499072 2.507252 2.511264 2.517102 2.309371 2.284535 2.261832 2.321038 2.277818 2.349764 2.321345 2.272879 2.261281 2.260874 2.250133 2.235001 2.555039 2.542902 2.554536 2.533207 2.546451 2.547137 2.233595 2.149636 2.189447 2.290439 2.206124 2.234439 2.431891 2.397652 2.395639 2.404720 2.397364 2.402927 2.229403 2.313875 2.314253 0.008781 0.005003 0.007837 0.030054 0.003283 0.010433 0.038969 0.036755 0.024894 
0.013630 0.042842 0.041127 0.041503 0.039593 0.045155 0.048072 0.036512 0.012276 0.012870 1 0.005091 0.067325 0.007585 0.010283 0.003527 0.002322 0.011010 0.028474 0.074624 0.034766 0.012618 0.003809 0.001536 0.007963 0.008159 0.007655 0.000389 0.002959 0.006550 0.130904 0.135044 0.135833 0.140385 0.139557 0.139069 0.106823 0.104474 0.117265 0.115057 0.119188 0.107853 0.154636 0.160834 0.162386 0.158844 0.161338 0.122259 0.045585 0.046869 0.050515 0.044781 0.055135 0.052683 0.028381 0.030816 0.030201 0.041596 0.038189 0.031935 0.039263 0.024986 0.142047 0.156377 0.154190 0.041841 0.032343 0.033143 0.033672 0.029188 0.034293 0.034819 0.044800 0.037465 0.040348 0.036127 0.035983 0.039491 0.010513 0.000160 0.001152 0.002758 0.016745 0.005268 0.026506 0.086799 0.068293 0.048842 0.026482 0.071992 0.023285 0.080455 0.073577 0.014936 0.026910 0.084924 0.080542 0.039392 0.008582 0.012234 0.031654 0.022780 0.045424 0.009224 0.067136 0.072344 0.087005 0.072772 0.074885 2.517792 2.523012 2.509217 2.506850 2.514324 2.527667 2.414425 2.438983 2.465762 2.481518 2.534163 2.308500 2.495260 2.408525 2.506192 2.461480 2.432441 2.410688 2.483609 2.230003 2.237398 2.257836 2.234854 2.265002 2.213860 2.148129 2.206719 2.231592 2.237938 2.216848 2.241580 2.485176 2.529246 2.510163 2.526279 2.511260 2.538249 2.459493 2.485296 2.492557 2.486761 2.494918 2.498926 2.504755 2.297322 2.272455 2.249772 2.308983 2.265794 2.337698 2.309232 2.260823 2.249311 2.248843 2.238175 2.223239 2.542634 2.530512 2.542130 2.520834 2.534056 2.534743 2.221665 2.137576 2.177369 2.278474 2.194086 2.222428 2.419693 2.385444 2.383427 2.392514 2.385166 2.390725 2.217339 2.302012 2.302356 0.004171 0.017846 0.005116 0.017184 0.009681 0.002505 0.026101 0.023886 0.012026 
0.018719 0.037755 0.036039 0.036415 0.034505 0.040069 0.042985 0.031423 0.007185 0.007779 0.005091 1 0.062242 0.012668 0.015369 0.001830 0.007329 0.016089 0.033564 0.069545 0.039854 0.017708 0.008866 0.003704 0.013053 0.013250 0.012744 0.004931 0.008020 0.011640 0.125860 0.130003 0.130793 0.135348 0.134519 0.134032 0.101762 0.099412 0.112211 0.110001 0.114135 0.102792 0.149612 0.155816 0.157369 0.153824 0.156321 0.117207 0.040497 0.041781 0.045428 0.039693 0.050050 0.047598 0.023292 0.025726 0.025112 0.036509 0.033101 0.026846 0.034173 0.019895 0.137011 0.151355 0.149166 0.036751 0.037432 0.038231 0.038760 0.034277 0.039381 0.039907 0.039712 0.032376 0.035260 0.031038 0.030894 0.034403 0.005422 0.005242 0.006238 0.002333 0.011654 0.000203 0.031595 0.081726 0.063212 0.043755 0.031570 0.066913 0.028374 0.075379 0.068498 0.020027 0.032000 0.079849 0.075465 0.034303 0.003504 0.007149 0.026563 0.027871 0.050511 0.014315 0.062054 0.067264 0.081931 0.067692 0.069805 2.522692 2.527915 2.514114 2.511744 2.519222 2.532573 2.419246 2.443824 2.470625 2.486392 2.539073 2.313209 2.500145 2.413342 2.511086 2.466342 2.437280 2.415509 2.488487 2.234782 2.242186 2.262625 2.239646 2.269797 2.218648 2.152889 2.211453 2.236329 2.242686 2.221597 2.246337 2.490052 2.534152 2.515059 2.531184 2.516156 2.543161 2.464359 2.490176 2.497442 2.491638 2.499805 2.503814 2.509647 2.302098 2.277242 2.254552 2.313761 2.270560 2.342480 2.314032 2.265602 2.254056 2.253611 2.242915 2.227902 2.547548 2.535421 2.547045 2.525736 2.538967 2.539653 2.226394 2.142356 2.182156 2.283216 2.198857 2.227188 2.424527 2.390281 2.388266 2.397351 2.390000 2.395560 2.222120 2.306715 2.307072 0.001172 0.012758 0.000684 0.022275 0.004612 0.002687 0.031191 0.028977 0.017116 
0.080909 0.024501 0.026216 0.025842 0.027753 0.022185 0.019275 0.030851 0.055072 0.054473 0.067325 0.062242 1 0.074909 0.077608 0.063941 0.069564 0.078331 0.095737 0.007346 0.102007 0.079935 0.071107 0.065930 0.075285 0.075480 0.074979 0.067173 0.070262 0.073874 0.064018 0.068194 0.068990 0.073587 0.072751 0.072258 0.039747 0.037381 0.050263 0.048035 0.052201 0.040777 0.087985 0.094252 0.095822 0.092238 0.094762 0.055276 0.021770 0.020481 0.016825 0.022570 0.012197 0.014651 0.038967 0.036535 0.037148 0.025748 0.029159 0.035414 0.028124 0.042408 0.075261 0.089747 0.087535 0.025538 0.099585 0.100380 0.100906 0.096444 0.101525 0.102048 0.022553 0.029888 0.027000 0.031223 0.031369 0.027856 0.056834 0.067473 0.068476 0.064573 0.050606 0.062073 0.093760 0.019594 0.001071 0.018503 0.093733 0.004742 0.090551 0.013210 0.006315 0.082248 0.094178 0.017698 0.013290 0.027976 0.058792 0.055152 0.035733 0.090080 0.112631 0.076545 0.000226 0.005066 0.019776 0.005485 0.007594 2.581615 2.586876 2.572986 2.570587 2.578115 2.591574 2.477042 2.501912 2.529008 2.544940 2.598130 2.369476 2.558851 2.471104 2.569916 2.524728 2.495337 2.473309 2.547093 2.292019 2.299544 2.319987 2.297066 2.327237 2.276009 2.209870 2.268074 2.292987 2.299497 2.278423 2.303266 2.548639 2.593158 2.573918 2.590169 2.575008 2.602247 2.522798 2.548803 2.556144 2.550239 2.558529 2.562564 2.568444 2.359281 2.334591 2.311800 2.370978 2.327607 2.399752 2.371559 2.322819 2.310820 2.310696 2.299616 2.283563 2.606675 2.594460 2.606171 2.584680 2.598032 2.598713 2.282943 2.199602 2.239501 2.339951 2.255985 2.284169 2.482511 2.448322 2.446325 2.455378 2.447984 2.453565 2.279388 2.362905 2.363446 0.063253 0.049561 0.062306 0.084487 0.057722 0.064906 0.093381 0.091178 0.079349 
0.006154 0.050422 0.048706 0.049082 0.047172 0.052736 0.055652 0.044088 0.019847 0.020443 0.007585 0.012668 0.074909 1 0.002706 0.011003 0.005366 0.003425 0.020942 0.082209 0.027238 0.005070 0.003814 0.008993 0.000559 0.000739 0.000316 0.007739 0.004652 0.001080 0.138478 0.142616 0.143405 0.147954 0.147126 0.146639 0.114406 0.112057 0.124845 0.122637 0.126767 0.115435 0.162197 0.168389 0.169941 0.166401 0.168894 0.129837 0.053164 0.054449 0.058096 0.052360 0.062718 0.060265 0.035958 0.038392 0.037778 0.049176 0.045768 0.039513 0.046837 0.032551 0.149615 0.163936 0.161751 0.049417 0.024818 0.025620 0.026150 0.021660 0.026771 0.027297 0.052379 0.045043 0.047927 0.043705 0.043561 0.047070 0.018083 0.007440 0.006434 0.010336 0.024317 0.012839 0.018985 0.094384 0.075878 0.056423 0.018962 0.079577 0.015763 0.088041 0.081162 0.007389 0.019377 0.092509 0.088128 0.046968 0.016137 0.019789 0.039225 0.015230 0.037900 0.001704 0.074720 0.079929 0.094590 0.080357 0.082470 2.510671 2.515887 2.502103 2.499740 2.507208 2.520537 2.407454 2.431973 2.458714 2.474448 2.527026 2.301730 2.488168 2.401558 2.499084 2.454431 2.425436 2.403717 2.476531 2.223107 2.230486 2.250924 2.227934 2.258079 2.206948 2.141268 2.199904 2.224772 2.231097 2.210006 2.234725 2.478100 2.522114 2.503052 2.519151 2.504150 2.531108 2.452437 2.478215 2.485466 2.479683 2.487824 2.491829 2.497652 2.290432 2.265544 2.242874 2.302088 2.258923 2.330796 2.302297 2.253930 2.242477 2.241967 2.231349 2.216549 2.535486 2.523377 2.534982 2.513711 2.526917 2.527605 2.214860 2.130680 2.170460 2.271643 2.187205 2.215566 2.412697 2.378441 2.376421 2.385513 2.378171 2.383727 2.210439 2.295252 2.295572 0.011682 0.025402 0.012633 0.009643 0.017224 0.010016 0.018561 0.016341 0.004462 
0.003512 0.053124 0.051408 0.051784 0.049874 0.055437 0.058354 0.046791 0.022551 0.023146 0.010283 0.015369 0.077608 0.002706 1 0.013709 0.008071 0.000790 0.018240 0.084907 0.024536 0.002377 0.006520 0.011699 0.002335 0.002148 0.002632 0.010442 0.007357 0.003736 0.141156 0.145292 0.146081 0.150628 0.149801 0.149314 0.117093 0.114745 0.127528 0.125322 0.129450 0.118122 0.164864 0.171054 0.172604 0.169067 0.171558 0.132520 0.055866 0.057150 0.060797 0.055062 0.065418 0.062966 0.038660 0.041095 0.040481 0.051878 0.048470 0.042215 0.049541 0.035256 0.152289 0.166603 0.164418 0.052120 0.022117 0.022919 0.023449 0.018958 0.024070 0.024597 0.055081 0.047746 0.050629 0.046407 0.046263 0.049772 0.020787 0.010136 0.009132 0.013037 0.027021 0.015541 0.016285 0.097078 0.078576 0.059124 0.016263 0.082274 0.013064 0.090736 0.083859 0.004689 0.016676 0.095204 0.090823 0.049671 0.018842 0.022494 0.041929 0.012525 0.035198 0.001104 0.077419 0.082626 0.097285 0.083054 0.085167 2.508058 2.513273 2.499492 2.497129 2.504596 2.517921 2.404882 2.429391 2.456120 2.471848 2.524408 2.299216 2.485563 2.398987 2.496474 2.451837 2.422854 2.401145 2.473929 2.220556 2.227931 2.248368 2.225376 2.255521 2.204393 2.138727 2.197377 2.222243 2.228563 2.207471 2.232185 2.475499 2.519498 2.500440 2.516535 2.501539 2.528488 2.449841 2.475613 2.482861 2.477082 2.485218 2.489222 2.495043 2.287884 2.262989 2.240323 2.299538 2.256379 2.328244 2.299735 2.251380 2.239944 2.239422 2.228818 2.214058 2.532866 2.520759 2.532362 2.511097 2.524299 2.524987 2.212335 2.128129 2.167905 2.269111 2.184658 2.213025 2.410118 2.375859 2.373839 2.382932 2.375592 2.381147 2.207887 2.292741 2.293053 0.014388 0.028107 0.015339 0.006943 0.019930 0.012722 0.015858 0.013638 0.001760 
0.017107 0.039445 0.037729 0.038104 0.036193 0.041761 0.044675 0.033104 0.008871 0.009471 0.003527 0.001830 0.063941 0.011003 0.013709 1 0.005638 0.014411 0.031939 0.071252 0.038233 0.016066 0.007189 0.002021 0.011414 0.011614 0.011100 0.003295 0.006355 0.010001 0.127607 0.131752 0.132543 0.137101 0.136271 0.135784 0.103494 0.101142 0.113949 0.111737 0.115875 0.104524 0.151373 0.157580 0.159134 0.155587 0.158085 0.118947 0.042184 0.043470 0.047121 0.041381 0.051746 0.049293 0.024977 0.027411 0.026797 0.038198 0.034788 0.028532 0.035849 0.021557 0.138765 0.153117 0.150927 0.038431 0.035812 0.036613 0.037143 0.032655 0.037764 0.038290 0.041400 0.034062 0.036948 0.032724 0.032580 0.036091 0.007113 0.003686 0.004633 0.001015 0.013335 0.001952 0.029976 0.083443 0.064916 0.045446 0.029952 0.068620 0.026753 0.077091 0.070206 0.018387 0.030374 0.081564 0.077177 0.035984 0.005150 0.008794 0.028234 0.026231 0.048894 0.012674 0.063754 0.068970 0.083646 0.069397 0.071510 2.521314 2.526535 2.512738 2.510371 2.517846 2.531190 2.417933 2.442496 2.469279 2.485037 2.537687 2.311979 2.498780 2.412032 2.509713 2.464996 2.435953 2.414196 2.487128 2.233501 2.240898 2.261337 2.238355 2.268504 2.217360 2.151622 2.210205 2.235079 2.241427 2.220338 2.245072 2.488695 2.532768 2.513685 2.529802 2.514782 2.541773 2.463010 2.488816 2.496078 2.490280 2.498439 2.502447 2.508277 2.300819 2.275955 2.253270 2.312480 2.269289 2.341197 2.312735 2.264321 2.252800 2.252338 2.241662 2.226703 2.546157 2.534035 2.545654 2.524356 2.537580 2.538267 2.225150 2.141075 2.180870 2.281962 2.197582 2.225921 2.423204 2.388955 2.386939 2.396025 2.388677 2.394236 2.220837 2.305489 2.305836 0.000694 0.014403 0.001635 0.020640 0.006225 0.001023 0.029560 0.027342 0.015464 
0.011489 0.045072 0.043356 0.043732 0.041821 0.047387 0.050302 0.038734 0.014494 0.015092 0.002322 0.007329 0.069564 0.005366 0.008071 0.005638 1 0.008774 0.026306 0.076870 0.032601 0.010432 0.001552 0.003634 0.005787 0.005989 0.005470 0.002405 0.000743 0.004379 0.133184 0.137325 0.138115 0.142669 0.141840 0.141353 0.109090 0.106740 0.119538 0.117328 0.121462 0.110120 0.156927 0.163127 0.164680 0.161136 0.163631 0.124533 0.047812 0.049098 0.052747 0.047009 0.057371 0.054918 0.030605 0.033039 0.032425 0.043825 0.040416 0.034160 0.041481 0.027192 0.144331 0.158668 0.156481 0.044062 0.030181 0.030982 0.031512 0.027023 0.032134 0.032660 0.047028 0.039691 0.042576 0.038353 0.038208 0.041719 0.012731 0.002199 0.001228 0.005009 0.018963 0.007494 0.024346 0.089054 0.070536 0.051073 0.024323 0.074238 0.021123 0.082706 0.075824 0.012752 0.024741 0.087177 0.082792 0.041614 0.010778 0.014428 0.033867 0.020595 0.043263 0.007044 0.069376 0.074589 0.089258 0.075016 0.077129 2.515876 2.521095 2.507305 2.504940 2.512411 2.525747 2.412583 2.437122 2.463883 2.479628 2.532239 2.306750 2.493359 2.406684 2.504283 2.459600 2.430582 2.408846 2.481715 2.228195 2.235583 2.256021 2.233035 2.263182 2.212045 2.146337 2.204949 2.229819 2.236156 2.215065 2.239791 2.483283 2.527325 2.508252 2.524360 2.509350 2.536323 2.457609 2.483401 2.490657 2.484867 2.493016 2.497022 2.502849 2.295517 2.270640 2.247963 2.307176 2.263998 2.335887 2.307406 2.259017 2.247532 2.247045 2.236399 2.221524 2.540705 2.528589 2.540201 2.518917 2.532132 2.532819 2.219899 2.135768 2.175555 2.276696 2.192285 2.220636 2.417839 2.383586 2.381568 2.390657 2.383312 2.388870 2.215529 2.300266 2.300599 0.006319 0.020039 0.007270 0.015006 0.011861 0.004659 0.023926 0.021707 0.009828 
0.002998 0.053842 0.052127 0.052502 0.050592 0.056157 0.059073 0.047507 0.023265 0.023862 0.011010 0.016089 0.078331 0.003425 0.000790 0.014411 0.008774 1 0.017567 0.085633 0.023861 0.001797 0.007227 0.012407 0.003095 0.002915 0.003381 0.011159 0.008070 0.004479 0.141900 0.146037 0.146827 0.151375 0.150547 0.150060 0.117830 0.115482 0.128268 0.126061 0.130191 0.118859 0.165615 0.171806 0.173357 0.169818 0.172310 0.133261 0.056584 0.057869 0.061517 0.055780 0.066139 0.063687 0.039377 0.041811 0.041197 0.052596 0.049187 0.042932 0.050255 0.035966 0.153036 0.167354 0.165169 0.052835 0.021445 0.022247 0.022778 0.018287 0.023399 0.023925 0.055799 0.048462 0.051347 0.047124 0.046980 0.050490 0.021502 0.010864 0.009858 0.013758 0.027735 0.016259 0.015620 0.097809 0.079301 0.059843 0.015600 0.083000 0.012404 0.091465 0.084586 0.004044 0.016004 0.095933 0.091551 0.050387 0.019552 0.023203 0.042641 0.011844 0.034521 0.001889 0.078142 0.083352 0.098015 0.083780 0.085893 2.507478 2.512691 2.498913 2.496552 2.504016 2.517338 2.404331 2.428833 2.455554 2.471278 2.523824 2.298702 2.484988 2.398438 2.495897 2.451271 2.422296 2.400594 2.473357 2.220020 2.227391 2.247828 2.224835 2.254979 2.203853 2.138196 2.196855 2.221720 2.228036 2.206944 2.231656 2.474928 2.518915 2.499862 2.515953 2.500961 2.527904 2.449274 2.475041 2.482287 2.476510 2.484643 2.488646 2.494466 2.287348 2.262449 2.239786 2.299002 2.255847 2.327706 2.299191 2.250844 2.239419 2.238889 2.228294 2.213558 2.532280 2.520176 2.531776 2.510516 2.523715 2.524403 2.211815 2.127592 2.167366 2.268586 2.184124 2.212494 2.409563 2.375303 2.373282 2.382375 2.375036 2.380591 2.207350 2.292229 2.292537 0.015094 0.028814 0.016044 0.006287 0.020636 0.013431 0.015182 0.012960 0.001172 
0.014846 0.071283 0.069570 0.069946 0.068040 0.073593 0.076511 0.064968 0.040748 0.041340 0.028474 0.033564 0.095737 0.020942 0.018240 0.031939 0.026306 0.017567 1 0.103014 0.006295 0.015874 0.024754 0.029922 0.020525 0.020325 0.020839 0.028657 0.025584 0.021938 0.159084 0.163205 0.163991 0.168520 0.167696 0.167211 0.135104 0.132764 0.145506 0.143307 0.147420 0.136131 0.182698 0.188861 0.190404 0.186883 0.189363 0.150485 0.074029 0.075310 0.078947 0.073225 0.083561 0.081112 0.056838 0.059272 0.058657 0.070039 0.066637 0.060390 0.067722 0.053457 0.170175 0.184428 0.182254 0.070296 0.003878 0.004680 0.005210 0.000723 0.005832 0.006358 0.073244 0.065916 0.068795 0.064578 0.064435 0.067938 0.038985 0.028322 0.027331 0.031232 0.045214 0.033741 0.001979 0.115150 0.096694 0.077279 0.002010 0.100382 0.005190 0.108827 0.101966 0.013554 0.001565 0.113284 0.108916 0.067846 0.037054 0.040707 0.060120 0.005726 0.016957 0.019264 0.095545 0.100737 0.115362 0.101167 0.103277 2.490208 2.495416 2.481652 2.479295 2.486752 2.500056 2.387259 2.411708 2.438377 2.454072 2.506533 2.281926 2.467756 2.381372 2.478643 2.434093 2.405177 2.383521 2.456141 2.203056 2.210404 2.230839 2.207835 2.237976 2.186866 2.121283 2.180011 2.204868 2.211154 2.190060 2.214751 2.457715 2.501632 2.482603 2.498673 2.483703 2.510608 2.432087 2.457821 2.465055 2.459295 2.467407 2.471406 2.477218 2.270393 2.245463 2.222819 2.282040 2.238919 2.310733 2.282171 2.233882 2.222546 2.221954 2.211434 2.196907 2.514977 2.502887 2.514474 2.493243 2.506422 2.507111 2.194985 2.110628 2.150382 2.251718 2.167181 2.195580 2.392456 2.358187 2.356163 2.365262 2.357931 2.363482 2.190380 2.275468 2.275740 0.032613 0.046320 0.033564 0.011300 0.038149 0.030942 0.002387 0.004608 0.016481 
0.088194 0.031824 0.033539 0.033166 0.035076 0.029508 0.026605 0.038177 0.062381 0.061782 0.074624 0.069545 0.007346 0.082209 0.084907 0.071252 0.076870 0.085633 0.103014 1 0.109278 0.087228 0.078411 0.073237 0.082581 0.082776 0.082276 0.074476 0.077565 0.081172 0.056681 0.060858 0.061655 0.066254 0.065417 0.064924 0.032404 0.030037 0.042921 0.040693 0.044860 0.033434 0.080658 0.086929 0.088500 0.084914 0.087439 0.047935 0.029100 0.027810 0.024152 0.029899 0.019525 0.021978 0.046284 0.043854 0.044466 0.033071 0.036482 0.042733 0.035456 0.049732 0.067928 0.082421 0.080208 0.032871 0.106857 0.107651 0.108176 0.103719 0.108794 0.109316 0.029881 0.037211 0.034323 0.038545 0.038691 0.035179 0.064142 0.074771 0.075776 0.071874 0.057918 0.069377 0.101036 0.012248 0.006341 0.025832 0.101008 0.002633 0.097830 0.005864 0.001050 0.089539 0.101456 0.010352 0.005944 0.035305 0.066102 0.062467 0.043060 0.097366 0.119893 0.083841 0.007520 0.002284 0.012431 0.001861 0.000283 2.588267 2.593534 2.579631 2.577228 2.584764 2.598239 2.483526 2.508439 2.535579 2.551536 2.604803 2.375740 2.565470 2.477583 2.576554 2.531299 2.501860 2.479793 2.553698 2.298423 2.305965 2.326409 2.303497 2.333671 2.282431 2.216238 2.274390 2.299307 2.305840 2.284768 2.309625 2.555240 2.599824 2.580561 2.596831 2.581650 2.608924 2.529377 2.555411 2.562762 2.556843 2.565151 2.569191 2.575078 2.365676 2.341011 2.318205 2.377378 2.333983 2.406160 2.378005 2.329220 2.317155 2.317077 2.305943 2.289742 2.613359 2.601131 2.612855 2.591336 2.604707 2.605386 2.289248 2.206009 2.245922 2.346282 2.262374 2.290535 2.489022 2.454843 2.452849 2.461896 2.454496 2.460080 2.285797 2.369159 2.369726 0.070563 0.056882 0.069617 0.091775 0.065036 0.072213 0.100662 0.098461 0.086645 
0.021136 0.077563 0.075849 0.076226 0.074320 0.079871 0.082789 0.071251 0.047037 0.047629 0.034766 0.039854 0.102007 0.027238 0.024536 0.038233 0.032601 0.023861 0.006295 0.109278 1 0.022169 0.031049 0.036217 0.026819 0.026619 0.027134 0.034951 0.031879 0.028233 0.165294 0.169410 0.170196 0.174718 0.173895 0.173412 0.141339 0.139002 0.151731 0.149535 0.153643 0.142366 0.188879 0.195033 0.196574 0.193058 0.195534 0.156707 0.080308 0.081588 0.085224 0.079504 0.089835 0.087387 0.063123 0.065556 0.064941 0.076319 0.072918 0.066673 0.074006 0.059746 0.176372 0.190607 0.188435 0.076578 0.002423 0.001627 0.001106 0.005579 0.000505 0.000219 0.079524 0.072198 0.075075 0.070860 0.070718 0.074218 0.045275 0.034613 0.033624 0.037523 0.051503 0.040033 0.008260 0.121403 0.102960 0.083557 0.008284 0.106646 0.011481 0.115086 0.108229 0.019849 0.007860 0.119539 0.115175 0.074129 0.043347 0.047000 0.066406 0.012017 0.010662 0.025559 0.101814 0.107002 0.121617 0.107432 0.109541 2.484058 2.489262 2.475505 2.473150 2.480603 2.493900 2.381190 2.405616 2.432264 2.447948 2.500373 2.275975 2.461620 2.375305 2.472498 2.427980 2.399088 2.377452 2.450012 2.197030 2.204369 2.224804 2.201796 2.231934 2.180831 2.115278 2.174033 2.198887 2.205161 2.184066 2.208749 2.451588 2.495476 2.476457 2.492518 2.477557 2.504446 2.425970 2.451691 2.458920 2.453166 2.461270 2.465267 2.471075 2.264370 2.239429 2.216792 2.276015 2.232907 2.304703 2.276122 2.227858 2.216556 2.215939 2.205449 2.191006 2.508812 2.496728 2.508309 2.487091 2.500261 2.500951 2.189013 2.104602 2.144348 2.245731 2.161164 2.189574 2.386373 2.352099 2.350074 2.359175 2.351847 2.357397 2.184351 2.269523 2.269780 0.038907 0.052611 0.039858 0.017595 0.044443 0.037236 0.008679 0.010900 0.022776 
