214 214
1 0.022377 0.025172 0.019175 0.024111 0.026686 0.023841 0.025400 0.016792 0.023454 0.029654 0.023958 0.029610 0.026333 0.028218 0.026981 0.025409 0.015216 0.011763 0.022461 0.022847 0.021389 0.022332 0.024719 0.020930 0.023851 0.020646 0.025181 0.027808 0.022472 0.026190 0.026955 0.024710 0.030213 0.024779 0.020630 0.014820 0.025252 0.018016 0.018016 0.025169 0.027591 0.021849 0.016603 0.025619 0.015894 0.021542 0.019214 0.020804 0.017374 0.021753 0.020388 0.026912 0.028106 0.028953 0.039138 0.024713 0.024495 0.022412 0.020033 0.016267 0.015663 0.014080 0.018364 0.015912 0.014937 0.021201 0.021603 0.021027 0.023274 0.028240 0.013016 0.027337 0.024407 0.027721 0.027168 0.019929 0.024237 0.023059 0.027895 0.027719 0.027719 0.022296 0.024867 0.036105 0.020483 0.026781 0.022276 0.024602 0.031620 0.017520 0.025802 0.026599 0.025685 0.030369 0.017624 0.018564 0.035438 0.033660 0.028207 0.032858 0.034849 0.039338 0.045613 0.035404 0.090496 0.106486 0.118612 0.071740 0.075724 0.105497 0.108872 0.096836 0.017074 0.015689 0.014821 0.015410 0.020278 0.021118 0.020540 0.016225 0.026416 0.023011 0.022413 0.019108 0.019946 0.020982 0.033758 0.035701 0.049036 0.056484 0.086497 0.015941 0.013637 0.019384 0.015164 0.022782 0.025317 0.030918 0.028208 0.021507 0.020754 0.026302 0.024790 0.026199 0.020463 0.017260 0.020084 0.020056 0.028854 0.021849 0.016311 0.020667 0.021154 0.020856 0.024188 0.019920 0.017632 0.017262 0.018157 0.018984 0.018238 0.015333 0.070798 0.044558 0.058948 0.067637 0.076379 0.070863 0.071496 0.076030 0.108565 0.108186 0.078086 0.045810 0.068839 0.031868 0.033446 0.034142 0.034901 0.055245 0.056196 0.068730 0.072986 0.095915 0.057130 0.054497 0.018928 0.044920 0.053815 0.042368 0.067531 0.068142 0.068040 0.068377 0.067586 0.066947 0.067030 0.066836 0.067520 0.069274 0.085516 0.069638 0.069180 0.067630 0.067949 0.067781 0.081447 0.066718 0.067064 0.068756 0.068910 0.069292 0.068617 
0.022377 1 0.006533 0.010691 0.010136 0.016166 0.010705 0.013782 0.010877 0.014556 0.017844 0.017917 0.016258 0.016961 0.020601 0.017645 0.020660 0.027282 0.017399 0.014826 0.017191 0.026579 0.018800 0.018030 0.011007 0.015946 0.012294 0.016339 0.020836 0.014168 0.020720 0.018647 0.017676 0.021917 0.020315 0.012987 0.017634 0.019390 0.029738 0.029738 0.020009 0.020283 0.013895 0.030175 0.020656 0.019475 0.016821 0.032401 0.033238 0.017675 0.034775 0.020692 0.019804 0.021803 0.021296 0.030782 0.015311 0.016146 0.007772 0.009376 0.014131 0.020284 0.027577 0.032626 0.027115 0.024117 0.030820 0.030557 0.030047 0.034535 0.019523 0.013797 0.012144 0.008256 0.013246 0.013214 0.008625 0.012552 0.003882 0.016368 0.017359 0.010678 0.008004 0.011850 0.019021 0.008832 0.011614 0.008311 0.012739 0.020600 0.021205 0.015223 0.016111 0.011856 0.018702 0.014093 0.021941 0.029393 0.022685 0.019984 0.023537 0.030375 0.033418 0.059367 0.045837 0.092796 0.112484 0.127401 0.069099 0.068654 0.109164 0.113113 0.101724 0.008918 0.014817 0.010620 0.012721 0.011212 0.010026 0.006534 0.012607 0.014254 0.009790 0.008327 0.013305 0.016544 0.016308 0.033591 0.032282 0.048864 0.056258 0.090701 0.009909 0.014470 0.009153 0.014520 0.015404 0.014482 0.017203 0.015368 0.009692 0.012943 0.015916 0.014214 0.019166 0.018712 0.012263 0.010090 0.011958 0.024891 0.014241 0.029814 0.018886 0.009693 0.018832 0.015774 0.013013 0.029612 0.016769 0.018198 0.019279 0.017546 0.026908 0.064459 0.041474 0.061145 0.068483 0.071838 0.061173 0.067324 0.076114 0.098516 0.097692 0.078769 0.041710 0.065008 0.029365 0.030957 0.028564 0.028355 0.035957 0.049767 0.063726 0.068050 0.078436 0.040273 0.044000 0.015824 0.048352 0.052200 0.030087 0.054252 0.055410 0.055392 0.055129 0.055113 0.056059 0.054352 0.054985 0.054845 0.054386 0.071280 0.054423 0.055769 0.054176 0.055610 0.055168 0.065567 0.056659 0.056965 0.055648 0.055291 0.055361 0.055687 
0.025172 0.006533 1 0.009878 0.007021 0.011653 0.008528 0.011052 0.015787 0.011444 0.012862 0.014949 0.011569 0.013139 0.016485 0.013815 0.017744 0.031917 0.020530 0.011959 0.014346 0.031657 0.016543 0.014914 0.010536 0.013535 0.011167 0.012847 0.016719 0.012145 0.017474 0.015344 0.014986 0.017563 0.017394 0.012524 0.021371 0.016448 0.033681 0.033681 0.017646 0.016923 0.012727 0.033018 0.018191 0.021539 0.016301 0.035701 0.034576 0.020039 0.037455 0.021083 0.019694 0.020685 0.019991 0.027058 0.012914 0.013069 0.006992 0.009176 0.015351 0.023279 0.029969 0.036424 0.029073 0.026452 0.031482 0.031077 0.030860 0.035960 0.024167 0.017110 0.007124 0.004444 0.008365 0.008399 0.009443 0.008629 0.007200 0.011694 0.013401 0.005745 0.007471 0.008111 0.021050 0.007187 0.006259 0.007441 0.008858 0.015047 0.021335 0.010811 0.011658 0.007719 0.013892 0.014974 0.022290 0.025445 0.018560 0.017661 0.020110 0.027506 0.030701 0.062000 0.048163 0.091671 0.112033 0.128072 0.070025 0.067860 0.107973 0.111926 0.101881 0.010205 0.014843 0.011939 0.013098 0.013674 0.009253 0.008310 0.013025 0.009713 0.006597 0.007892 0.012620 0.014804 0.014460 0.035113 0.032834 0.050189 0.056984 0.091694 0.011465 0.017787 0.008289 0.014949 0.013025 0.010043 0.011657 0.010098 0.008801 0.012067 0.012060 0.010737 0.017186 0.017435 0.013331 0.009509 0.010844 0.021046 0.012605 0.033931 0.019872 0.009911 0.017369 0.013250 0.013287 0.033102 0.018653 0.019887 0.020109 0.019294 0.031253 0.065760 0.040009 0.059112 0.065799 0.070229 0.059269 0.066646 0.076295 0.099197 0.098267 0.078982 0.040700 0.063830 0.030550 0.031534 0.030535 0.029064 0.034209 0.051266 0.063754 0.068713 0.079731 0.039935 0.045860 0.017122 0.051992 0.056558 0.029209 0.054134 0.054212 0.055557 0.054863 0.053978 0.054919 0.054113 0.054375 0.055055 0.054440 0.068491 0.053849 0.055882 0.054214 0.056151 0.055573 0.065622 0.056261 0.056408 0.055958 0.054650 0.054638 0.054945 
0.019175 0.010691 0.009878 1 0.006694 0.009528 0.006912 0.009042 0.013226 0.006577 0.011850 0.008855 0.011395 0.009881 0.012659 0.010374 0.011713 0.026890 0.015907 0.007107 0.007938 0.028704 0.008925 0.009240 0.005798 0.007691 0.004274 0.008286 0.012333 0.005830 0.011813 0.011408 0.009193 0.014453 0.011030 0.006075 0.016013 0.010337 0.027908 0.027908 0.011293 0.012268 0.006649 0.025887 0.011918 0.014347 0.009606 0.029351 0.026767 0.013350 0.030386 0.013599 0.015914 0.016284 0.016579 0.024771 0.008154 0.007505 0.006899 0.003985 0.010829 0.018969 0.022306 0.030441 0.021695 0.020175 0.023669 0.023415 0.023127 0.028544 0.027801 0.011511 0.009183 0.007114 0.009286 0.008783 0.006140 0.005947 0.011450 0.011035 0.012717 0.009596 0.004739 0.006326 0.025697 0.004219 0.009880 0.005471 0.005953 0.014718 0.012031 0.008451 0.012637 0.008679 0.012432 0.008177 0.013408 0.021533 0.016837 0.013630 0.017596 0.022585 0.027794 0.054892 0.041933 0.086564 0.106145 0.121763 0.068019 0.067347 0.102909 0.106647 0.096655 0.004324 0.005538 0.004992 0.005243 0.012950 0.005948 0.006857 0.004013 0.008567 0.004715 0.007922 0.004787 0.007087 0.006554 0.030842 0.029446 0.046785 0.053439 0.087099 0.005370 0.013482 0.003820 0.006633 0.007868 0.007524 0.012862 0.010231 0.005442 0.005525 0.008623 0.008004 0.012208 0.009098 0.010344 0.003202 0.003978 0.015175 0.007909 0.028619 0.016308 0.005134 0.009009 0.008450 0.007483 0.026885 0.012465 0.013994 0.013349 0.014513 0.025763 0.067013 0.036183 0.053571 0.060761 0.068087 0.058717 0.064471 0.072788 0.098031 0.097244 0.075205 0.037412 0.061600 0.028417 0.028855 0.030336 0.028748 0.041442 0.051647 0.062981 0.067687 0.086488 0.044768 0.048697 0.010314 0.048662 0.056122 0.031638 0.057768 0.057329 0.058731 0.058200 0.056819 0.056659 0.057315 0.057086 0.058500 0.059051 0.068726 0.058531 0.059507 0.057946 0.059197 0.058749 0.069432 0.058184 0.058249 0.059479 0.058092 0.058204 0.057980 
0.024111 0.010136 0.007021 0.006694 1 0.009020 0.001980 0.004307 0.017108 0.006180 0.009538 0.009100 0.007634 0.007438 0.010865 0.007812 0.011548 0.031516 0.019877 0.009707 0.010421 0.030896 0.011293 0.009425 0.006214 0.007494 0.008141 0.007490 0.011685 0.007041 0.011855 0.009148 0.009455 0.012331 0.012099 0.008344 0.021091 0.011152 0.031594 0.031594 0.011559 0.011064 0.008786 0.030257 0.012706 0.019767 0.011903 0.033650 0.030803 0.018164 0.034355 0.017635 0.016615 0.017187 0.016692 0.022680 0.007320 0.007630 0.003624 0.005222 0.013017 0.023611 0.027126 0.035029 0.025960 0.024547 0.027347 0.026821 0.026866 0.032383 0.029400 0.016877 0.005690 0.005877 0.006146 0.005472 0.010347 0.006380 0.009758 0.011300 0.014273 0.004617 0.004503 0.006048 0.026085 0.006379 0.004783 0.007520 0.005637 0.013074 0.016959 0.006838 0.010130 0.005637 0.009776 0.013492 0.017775 0.019938 0.015683 0.014121 0.016342 0.023798 0.025733 0.059459 0.046282 0.088491 0.109627 0.124966 0.068633 0.065604 0.103993 0.107880 0.098576 0.008398 0.011060 0.010578 0.011394 0.016855 0.009222 0.009893 0.010376 0.007671 0.004673 0.010353 0.007596 0.011788 0.009370 0.033759 0.031844 0.049279 0.055192 0.089612 0.009509 0.018916 0.005136 0.012342 0.006518 0.006927 0.008894 0.007773 0.008965 0.006622 0.007755 0.009850 0.012512 0.012847 0.011357 0.006729 0.007436 0.016254 0.011888 0.032924 0.016089 0.007110 0.012702 0.008040 0.010315 0.030778 0.017747 0.019346 0.018289 0.016094 0.030596 0.069757 0.037610 0.055100 0.061490 0.067772 0.057569 0.064892 0.074344 0.099619 0.098653 0.076758 0.039583 0.061599 0.030253 0.029747 0.031586 0.029434 0.036546 0.052119 0.063480 0.067116 0.082339 0.043175 0.050014 0.014390 0.053158 0.058938 0.030531 0.056474 0.056081 0.057688 0.056782 0.055674 0.055943 0.056123 0.056328 0.057581 0.057203 0.065800 0.056450 0.058226 0.056568 0.058174 0.057586 0.068055 0.057979 0.058330 0.058301 0.056488 0.056328 0.056579 
0.026686 0.016166 0.011653 0.009528 0.009020 1 0.010153 0.010515 0.021155 0.006611 0.003880 0.008756 0.005754 0.007284 0.009258 0.008428 0.011192 0.035388 0.023866 0.007303 0.007107 0.037310 0.010344 0.008551 0.011952 0.009276 0.009799 0.007453 0.008624 0.009109 0.009711 0.010604 0.008628 0.010047 0.010514 0.012013 0.023916 0.009673 0.036126 0.036126 0.012032 0.010829 0.011043 0.033253 0.011090 0.021221 0.013693 0.036818 0.032432 0.020593 0.037202 0.018294 0.019473 0.018380 0.018152 0.021194 0.008292 0.007634 0.011618 0.010668 0.017884 0.026080 0.029271 0.038379 0.028294 0.027240 0.028358 0.027921 0.028011 0.034081 0.033197 0.018795 0.006542 0.008568 0.005693 0.005477 0.012117 0.004969 0.016425 0.005620 0.008788 0.008654 0.010447 0.005030 0.027655 0.009640 0.008941 0.009613 0.005274 0.006411 0.016597 0.006299 0.010829 0.009066 0.007205 0.014902 0.018275 0.017368 0.012647 0.013890 0.014758 0.020597 0.026493 0.060826 0.047592 0.086214 0.106724 0.124227 0.070697 0.067896 0.103073 0.106816 0.098642 0.012170 0.012512 0.013416 0.012093 0.017977 0.009046 0.013041 0.012173 0.002247 0.007382 0.011697 0.011271 0.009291 0.009883 0.034946 0.032095 0.050071 0.056177 0.089926 0.013576 0.020296 0.010329 0.012591 0.009413 0.003816 0.006807 0.004444 0.009855 0.010503 0.003715 0.006431 0.012779 0.011033 0.017145 0.010340 0.009410 0.011624 0.009503 0.036806 0.022227 0.011949 0.011996 0.010098 0.013754 0.034780 0.018996 0.019709 0.018661 0.021019 0.033574 0.067881 0.036041 0.052667 0.058717 0.067318 0.057030 0.064890 0.074518 0.097109 0.096158 0.077022 0.036849 0.061459 0.032599 0.032580 0.034852 0.032040 0.040439 0.054830 0.064324 0.070105 0.088148 0.043474 0.050281 0.016995 0.054270 0.062208 0.032476 0.058217 0.056447 0.059603 0.058573 0.056080 0.056068 0.057775 0.057062 0.059353 0.059639 0.064771 0.058365 0.060295 0.058656 0.060627 0.060009 0.069108 0.058514 0.058270 0.060520 0.058050 0.058079 0.057860 
0.023841 0.010705 0.008528 0.006912 0.001980 0.010153 1 0.003199 0.016973 0.006127 0.010413 0.008690 0.008314 0.007277 0.010724 0.007533 0.010870 0.030778 0.019254 0.010216 0.010535 0.029777 0.010808 0.009072 0.005103 0.006677 0.008018 0.007334 0.011702 0.006439 0.011413 0.008374 0.008885 0.012196 0.011650 0.007388 0.020599 0.010713 0.030381 0.030381 0.010590 0.010418 0.008106 0.029116 0.011976 0.019143 0.010812 0.032557 0.029636 0.017375 0.033075 0.016715 0.015438 0.016194 0.015703 0.022028 0.006705 0.007376 0.003811 0.004715 0.012121 0.023376 0.026124 0.034081 0.024860 0.023657 0.026182 0.025625 0.025690 0.031171 0.030046 0.016820 0.007412 0.007444 0.007651 0.006926 0.011061 0.007684 0.009955 0.012715 0.015676 0.006113 0.004594 0.007257 0.027050 0.007041 0.006074 0.008242 0.006665 0.014209 0.016185 0.007409 0.010572 0.006203 0.010208 0.013230 0.016750 0.019384 0.015769 0.013540 0.015871 0.023361 0.024588 0.058294 0.045262 0.087575 0.109000 0.123799 0.067477 0.064436 0.102815 0.106707 0.097307 0.008447 0.010854 0.010719 0.011671 0.017694 0.010063 0.010565 0.010264 0.008946 0.005809 0.011335 0.006712 0.011950 0.008846 0.032822 0.031144 0.048388 0.054114 0.088487 0.009593 0.019222 0.005590 0.012280 0.005824 0.008118 0.010088 0.009152 0.009758 0.005596 0.008246 0.010877 0.011577 0.012383 0.010569 0.006607 0.007233 0.016348 0.012426 0.032028 0.014613 0.006542 0.012144 0.007264 0.009491 0.029573 0.017393 0.019116 0.017810 0.014765 0.029861 0.070794 0.036923 0.054232 0.060662 0.066860 0.056892 0.063988 0.073311 0.099784 0.098819 0.075658 0.039210 0.060652 0.029489 0.028639 0.030970 0.028804 0.036639 0.051396 0.062745 0.065872 0.082041 0.044291 0.051022 0.013494 0.052726 0.058598 0.030342 0.056321 0.056020 0.057509 0.056607 0.055572 0.055714 0.055911 0.056208 0.057436 0.057106 0.065269 0.056411 0.058114 0.056386 0.057895 0.057304 0.068312 0.057786 0.058283 0.058144 0.056364 0.056158 0.056431 
0.025400 0.013782 0.011052 0.009042 0.004307 0.010515 0.003199 1 0.019868 0.006204 0.009916 0.007613 0.007704 0.005708 0.008694 0.005555 0.009059 0.032715 0.021096 0.011387 0.010786 0.031323 0.010349 0.008181 0.006866 0.006041 0.009804 0.006629 0.010261 0.007017 0.009962 0.006126 0.008096 0.010169 0.010648 0.008694 0.022888 0.009851 0.031508 0.031508 0.009154 0.008534 0.009223 0.029943 0.010898 0.020818 0.011254 0.033619 0.029715 0.019124 0.033592 0.017448 0.015858 0.016172 0.015628 0.020108 0.006338 0.006941 0.006593 0.007205 0.013403 0.025450 0.026986 0.035466 0.025491 0.024849 0.026019 0.025355 0.025657 0.031297 0.033119 0.019236 0.008621 0.010004 0.008538 0.007694 0.013901 0.009122 0.012721 0.013725 0.017089 0.007628 0.007592 0.008944 0.029916 0.009602 0.007007 0.011027 0.007894 0.013824 0.016574 0.007283 0.010532 0.007381 0.009161 0.015204 0.017016 0.016961 0.015209 0.013448 0.014847 0.022592 0.022416 0.058881 0.046112 0.086843 0.108836 0.123480 0.067596 0.063526 0.101509 0.105395 0.096659 0.010977 0.012072 0.013055 0.013686 0.020690 0.012528 0.013611 0.012179 0.009832 0.008130 0.014188 0.007696 0.012956 0.008974 0.033809 0.032076 0.049209 0.054331 0.088585 0.011882 0.021892 0.007940 0.013877 0.004641 0.008746 0.009525 0.009451 0.012368 0.006460 0.008210 0.012382 0.011082 0.012561 0.011995 0.008955 0.008997 0.015031 0.014263 0.033591 0.014499 0.008947 0.012252 0.006907 0.011091 0.030586 0.019435 0.021153 0.019299 0.015429 0.031735 0.073258 0.036692 0.053018 0.059050 0.066002 0.056291 0.063723 0.073235 0.101057 0.100041 0.075474 0.039679 0.060009 0.030591 0.028948 0.032544 0.029913 0.036948 0.052489 0.063122 0.065669 0.082804 0.045842 0.053492 0.014991 0.054931 0.060955 0.031202 0.057353 0.056727 0.058538 0.057438 0.056253 0.056231 0.056828 0.057118 0.058647 0.058214 0.063967 0.057330 0.059164 0.057435 0.058949 0.058317 0.069464 0.058722 0.059312 0.059244 0.057074 0.056761 0.057086 
0.016792 0.010877 0.015787 0.013226 0.017108 0.021155 0.016973 0.019868 1 0.018434 0.023577 0.020917 0.022761 0.021852 0.024996 0.022536 0.023443 0.017864 0.010918 0.016731 0.018929 0.020979 0.019938 0.020903 0.013932 0.019025 0.013471 0.020194 0.024453 0.016689 0.023392 0.022884 0.020391 0.026378 0.022128 0.013993 0.007793 0.021487 0.022221 0.022221 0.022035 0.023701 0.014968 0.022638 0.022320 0.012007 0.016343 0.024179 0.027218 0.010749 0.027545 0.016636 0.018843 0.021182 0.021494 0.033941 0.019168 0.019493 0.015009 0.013118 0.013023 0.013205 0.020294 0.023709 0.020673 0.016932 0.025928 0.026056 0.024903 0.028239 0.018372 0.008085 0.019662 0.015263 0.020182 0.019998 0.010001 0.017508 0.012281 0.020997 0.020632 0.018888 0.013258 0.017022 0.021417 0.012626 0.019364 0.012122 0.017640 0.026067 0.018064 0.020117 0.021366 0.017709 0.024095 0.010386 0.018391 0.032807 0.026006 0.021056 0.026251 0.030158 0.035858 0.050344 0.037135 0.088340 0.106467 0.120207 0.065019 0.068575 0.105561 0.109344 0.096294 0.010771 0.014624 0.010164 0.011984 0.009275 0.012887 0.009371 0.011683 0.019642 0.015046 0.011349 0.014895 0.016439 0.017602 0.027195 0.027421 0.042591 0.051049 0.084083 0.011554 0.008003 0.014005 0.013197 0.019736 0.019566 0.024464 0.021668 0.012048 0.015745 0.020442 0.017311 0.020511 0.018526 0.013226 0.012273 0.013615 0.027330 0.014380 0.021128 0.019564 0.011955 0.018372 0.018704 0.012431 0.022053 0.009867 0.011059 0.013719 0.016018 0.017512 0.062401 0.038723 0.058355 0.066919 0.070306 0.061238 0.064411 0.071191 0.096471 0.095923 0.073803 0.038123 0.062940 0.024682 0.027818 0.024306 0.025579 0.042894 0.046112 0.060410 0.065695 0.082981 0.046102 0.044694 0.011933 0.038745 0.045614 0.031129 0.054475 0.055867 0.055477 0.055876 0.055405 0.055635 0.054361 0.054555 0.054385 0.055555 0.074784 0.056104 0.056382 0.054472 0.055426 0.055144 0.067767 0.055193 0.055499 0.055928 0.056510 0.056896 0.056573 
0.023454 0.014556 0.011444 0.006577 0.006180 0.006611 0.006127 0.006204 0.018434 1 0.007325 0.003994 0.007052 0.003811 0.006851 0.004807 0.006832 0.031215 0.019347 0.005697 0.004801 0.032224 0.005874 0.003949 0.006442 0.003302 0.005884 0.002899 0.006790 0.003326 0.006254 0.005887 0.004227 0.008261 0.006446 0.006397 0.020385 0.005601 0.030774 0.030774 0.006855 0.006713 0.005789 0.028070 0.007269 0.017334 0.008193 0.031793 0.027267 0.016330 0.031885 0.013683 0.014396 0.013810 0.013663 0.019015 0.004588 0.003015 0.008751 0.006517 0.012383 0.023101 0.024500 0.033653 0.023120 0.022337 0.023305 0.022755 0.022911 0.028840 0.032787 0.016789 0.008312 0.008884 0.007657 0.006766 0.011432 0.005956 0.014093 0.009912 0.012746 0.008671 0.007610 0.005930 0.029296 0.007047 0.007670 0.008653 0.004705 0.010617 0.012731 0.004077 0.008679 0.006308 0.007332 0.011499 0.013606 0.015609 0.012265 0.010320 0.012483 0.018763 0.022583 0.056165 0.043103 0.083668 0.105033 0.120442 0.066560 0.064003 0.099469 0.103257 0.094496 0.009425 0.009303 0.010735 0.010223 0.018180 0.009450 0.012072 0.008900 0.006343 0.005865 0.011643 0.005556 0.007283 0.004660 0.031009 0.028998 0.046529 0.052188 0.086000 0.010987 0.019108 0.007508 0.010239 0.004696 0.005226 0.009283 0.007336 0.009243 0.005344 0.004227 0.007770 0.008163 0.007920 0.011866 0.006411 0.005046 0.011493 0.009063 0.032097 0.016075 0.007788 0.007649 0.004172 0.008576 0.029417 0.015743 0.017042 0.015071 0.015399 0.029767 0.070845 0.033402 0.049920 0.056380 0.064416 0.055152 0.061834 0.070936 0.099216 0.098293 0.073275 0.035678 0.058311 0.028424 0.027613 0.031092 0.028293 0.039514 0.051421 0.061295 0.065722 0.086390 0.046952 0.052875 0.012212 0.051803 0.059923 0.030446 0.056839 0.055501 0.058263 0.057304 0.055039 0.054737 0.056213 0.055840 0.057916 0.058366 0.064581 0.057329 0.059136 0.057143 0.058917 0.058276 0.069991 0.057025 0.057342 0.059176 0.056973 0.056873 0.056732 
0.029654 0.017844 0.012862 0.011850 0.009538 0.003880 0.010413 0.009916 0.023577 0.007325 1 0.008896 0.003262 0.006216 0.007657 0.007026 0.010667 0.037806 0.026005 0.009400 0.008694 0.038860 0.011145 0.008458 0.012788 0.009265 0.011532 0.007100 0.007486 0.009808 0.009096 0.009174 0.008513 0.007732 0.010453 0.012988 0.026305 0.009462 0.037844 0.037844 0.011483 0.009356 0.011902 0.035019 0.010736 0.023348 0.014330 0.038628 0.033724 0.022392 0.038653 0.019470 0.019099 0.017762 0.017274 0.018333 0.008281 0.007691 0.012718 0.012249 0.019233 0.028513 0.031234 0.040489 0.029909 0.029050 0.029397 0.028836 0.029062 0.035203 0.035662 0.021840 0.007149 0.010329 0.006000 0.005753 0.014878 0.007188 0.017615 0.007469 0.011101 0.008521 0.011788 0.006938 0.029226 0.011709 0.008667 0.011765 0.006652 0.005144 0.018421 0.006039 0.010433 0.008953 0.004366 0.017056 0.019650 0.014859 0.010485 0.013094 0.012614 0.019473 0.024009 0.062196 0.048896 0.085179 0.106741 0.124126 0.069674 0.065572 0.101643 0.105451 0.097815 0.014715 0.015103 0.016271 0.015269 0.021022 0.012045 0.015486 0.014785 0.004538 0.009113 0.014115 0.012642 0.011819 0.011041 0.035414 0.032227 0.050148 0.055631 0.089632 0.016199 0.023621 0.012424 0.015564 0.009852 0.005528 0.004750 0.004408 0.012402 0.011573 0.004050 0.008671 0.012151 0.012740 0.018392 0.012107 0.011245 0.011241 0.012072 0.038986 0.022527 0.013169 0.013233 0.009855 0.014925 0.036460 0.021224 0.022038 0.020502 0.021927 0.036035 0.069967 0.035097 0.051492 0.057041 0.065321 0.054677 0.063422 0.073659 0.097155 0.096108 0.076128 0.036516 0.059753 0.032937 0.032229 0.035253 0.031937 0.038342 0.054392 0.063319 0.068572 0.086592 0.043902 0.052152 0.018395 0.056129 0.063731 0.031525 0.057064 0.055036 0.058580 0.057297 0.054668 0.054656 0.056555 0.055934 0.058425 0.058421 0.061496 0.056927 0.059242 0.057495 0.059638 0.058935 0.068223 0.057584 0.057491 0.059522 0.056635 0.056515 0.056454 
0.023958 0.017917 0.014949 0.008855 0.009100 0.008756 0.008690 0.007613 0.020917 0.003994 0.008896 1 0.009138 0.004565 0.004688 0.004158 0.003146 0.032176 0.020610 0.007738 0.005464 0.033411 0.003521 0.001677 0.008685 0.003079 0.008110 0.003256 0.004664 0.004869 0.003629 0.004465 0.004081 0.006620 0.003558 0.007983 0.021855 0.003273 0.030962 0.030962 0.004072 0.004462 0.007361 0.027625 0.005904 0.017962 0.008673 0.031768 0.025862 0.017257 0.031243 0.013524 0.015001 0.013757 0.014032 0.017844 0.006445 0.003199 0.011562 0.009377 0.013625 0.024494 0.024068 0.033892 0.022542 0.022535 0.021821 0.021217 0.021595 0.027603 0.036103 0.018828 0.011074 0.012285 0.010197 0.009307 0.014245 0.008617 0.017533 0.011828 0.014673 0.011771 0.010630 0.009152 0.032636 0.010250 0.010686 0.012054 0.007523 0.011428 0.011800 0.005975 0.010850 0.009412 0.007796 0.013022 0.012524 0.013297 0.012413 0.010457 0.012365 0.017260 0.021043 0.055224 0.042665 0.082094 0.103637 0.118865 0.066647 0.063714 0.097415 0.101130 0.092976 0.012002 0.009693 0.012664 0.011922 0.020988 0.012691 0.015125 0.010332 0.009215 0.009240 0.014849 0.006599 0.008021 0.004044 0.031481 0.029661 0.046879 0.051929 0.085261 0.012900 0.021228 0.010014 0.011624 0.005096 0.007321 0.010727 0.009340 0.012159 0.007187 0.006433 0.010087 0.008284 0.007668 0.013571 0.009118 0.007686 0.008913 0.011423 0.032662 0.016342 0.010396 0.006285 0.004820 0.010242 0.029401 0.017045 0.018403 0.015688 0.016255 0.030841 0.073084 0.032678 0.047724 0.053977 0.063573 0.054994 0.061476 0.070353 0.100126 0.099202 0.072539 0.035944 0.057747 0.029434 0.027928 0.032863 0.029742 0.041917 0.052817 0.061782 0.065844 0.088961 0.049429 0.055537 0.013151 0.053089 0.061995 0.032290 0.058889 0.057161 0.060226 0.059166 0.056617 0.055935 0.058062 0.057537 0.060005 0.060659 0.064120 0.059493 0.061182 0.059206 0.060862 0.060219 0.072107 0.058544 0.058890 0.061237 0.058744 0.058607 0.058365 
0.029610 0.016258 0.011569 0.011395 0.007634 0.005754 0.008314 0.007704 0.022761 0.007052 0.003262 0.009138 1 0.005554 0.008163 0.006398 0.010859 0.037207 0.025454 0.010457 0.009860 0.037248 0.011775 0.008883 0.011411 0.008657 0.011354 0.007067 0.008800 0.009318 0.009797 0.008373 0.008423 0.008394 0.011273 0.012162 0.025960 0.010134 0.036965 0.036965 0.011349 0.009293 0.011446 0.034701 0.011000 0.023445 0.013850 0.038220 0.033842 0.022080 0.038271 0.019608 0.018237 0.017455 0.016728 0.018417 0.007041 0.007660 0.010782 0.010910 0.018338 0.028350 0.031159 0.040093 0.029775 0.028879 0.029583 0.028976 0.029196 0.035263 0.034715 0.021515 0.006261 0.009542 0.005403 0.005058 0.014627 0.007538 0.015672 0.009397 0.013096 0.006636 0.010262 0.006832 0.028508 0.011216 0.007179 0.011144 0.006642 0.007976 0.018818 0.006218 0.010214 0.007862 0.004981 0.017107 0.019811 0.015423 0.011460 0.013199 0.012785 0.020782 0.023410 0.062389 0.049102 0.086133 0.108072 0.124807 0.069051 0.064588 0.102186 0.106061 0.098094 0.013901 0.015119 0.015970 0.015464 0.021024 0.011893 0.014790 0.014726 0.005455 0.008508 0.013923 0.011930 0.012928 0.011201 0.035291 0.032323 0.050135 0.055535 0.089863 0.015449 0.023631 0.011429 0.015706 0.008776 0.006430 0.004655 0.005254 0.012352 0.010364 0.004555 0.009898 0.011781 0.013275 0.017221 0.011416 0.010892 0.013151 0.012989 0.038422 0.020950 0.011960 0.013854 0.009248 0.014239 0.035775 0.021350 0.022396 0.020916 0.020621 0.035537 0.070634 0.035843 0.052615 0.058177 0.065463 0.054580 0.063469 0.073816 0.097474 0.096397 0.076253 0.037447 0.059786 0.032574 0.031591 0.034500 0.031347 0.036423 0.053608 0.063164 0.067507 0.084046 0.043136 0.051888 0.017962 0.056223 0.062897 0.030823 0.056290 0.054767 0.057726 0.056440 0.054392 0.054528 0.055853 0.055609 0.057716 0.057350 0.060994 0.056015 0.058316 0.056612 0.058624 0.057925 0.067311 0.057422 0.057531 0.058569 0.055845 0.055631 0.055796 
0.026333 0.016961 0.013139 0.009881 0.007438 0.007284 0.007277 0.005708 0.021852 0.003811 0.006216 0.004565 0.005554 1 0.004522 0.002516 0.005972 0.034261 0.022293 0.008860 0.007038 0.034412 0.007508 0.004679 0.008906 0.004707 0.009445 0.003528 0.005566 0.006227 0.005367 0.003813 0.004470 0.005646 0.006871 0.009253 0.023819 0.006200 0.033109 0.033109 0.006689 0.005069 0.008726 0.030401 0.006960 0.020589 0.010244 0.034193 0.028968 0.019459 0.033807 0.016110 0.015667 0.014717 0.014253 0.016767 0.004732 0.004388 0.010518 0.009285 0.014737 0.026158 0.026937 0.036352 0.025322 0.024973 0.024694 0.024015 0.024433 0.030511 0.035622 0.020081 0.009156 0.011174 0.008389 0.007496 0.014826 0.008246 0.016012 0.011424 0.014803 0.009336 0.010185 0.008211 0.031678 0.010313 0.008043 0.011745 0.006925 0.009989 0.014984 0.004630 0.008492 0.007524 0.005842 0.014963 0.015708 0.012864 0.011732 0.011094 0.011348 0.018697 0.020414 0.058199 0.045318 0.083654 0.105757 0.121205 0.067048 0.063024 0.098872 0.102687 0.094699 0.012575 0.012298 0.014182 0.013678 0.021616 0.012433 0.015253 0.012460 0.007553 0.008655 0.014814 0.008434 0.010458 0.007243 0.032918 0.030664 0.048080 0.053099 0.086956 0.013979 0.022666 0.010162 0.013364 0.004887 0.006810 0.008127 0.007675 0.012631 0.007440 0.004662 0.010454 0.008511 0.009848 0.014006 0.009835 0.008651 0.010713 0.012348 0.034878 0.016809 0.010667 0.009958 0.005426 0.011550 0.031738 0.019223 0.020476 0.018223 0.016903 0.032707 0.073308 0.033850 0.049500 0.055373 0.063783 0.054441 0.061904 0.071490 0.100537 0.099532 0.073750 0.036648 0.057905 0.030224 0.028592 0.033042 0.029763 0.038655 0.052670 0.061918 0.065674 0.086065 0.047640 0.055006 0.015180 0.054929 0.062572 0.031024 0.057379 0.055781 0.058806 0.057590 0.055326 0.055012 0.056712 0.056427 0.058726 0.058830 0.062742 0.057575 0.059630 0.057693 0.059522 0.058826 0.070380 0.057804 0.058209 0.059758 0.057105 0.056865 0.056877 
0.028218 0.020601 0.016485 0.012659 0.010865 0.009258 0.010724 0.008694 0.024996 0.006851 0.007657 0.004688 0.008163 0.004522 1 0.003342 0.004340 0.036651 0.024780 0.010598 0.008468 0.037265 0.007505 0.004681 0.012092 0.006487 0.011932 0.005100 0.002753 0.008565 0.004262 0.004048 0.006490 0.002564 0.005750 0.011859 0.026282 0.005555 0.035072 0.035072 0.006230 0.003723 0.011011 0.031692 0.007609 0.022326 0.012306 0.035831 0.029251 0.021535 0.034984 0.017308 0.017237 0.015486 0.015398 0.015351 0.008504 0.005945 0.013971 0.012876 0.017314 0.028508 0.028237 0.038156 0.026465 0.026593 0.024947 0.024218 0.024833 0.030877 0.039250 0.023145 0.011618 0.014223 0.010558 0.009752 0.017690 0.010519 0.019980 0.012404 0.015765 0.012358 0.013560 0.011014 0.034680 0.013399 0.011055 0.015016 0.009394 0.009562 0.015960 0.006652 0.010892 0.010572 0.005716 0.017179 0.016547 0.010212 0.011081 0.011673 0.011324 0.017037 0.019349 0.058619 0.046047 0.082179 0.104583 0.120289 0.067667 0.062992 0.097103 0.100854 0.093761 0.015880 0.014076 0.016836 0.016087 0.024420 0.015772 0.018419 0.014749 0.010086 0.011702 0.017710 0.010898 0.011824 0.008530 0.034194 0.031783 0.048993 0.053375 0.086802 0.016794 0.025429 0.013246 0.015897 0.007580 0.008479 0.009009 0.009042 0.015325 0.010807 0.007363 0.012086 0.010056 0.011437 0.016919 0.012834 0.011593 0.008066 0.014543 0.036967 0.018938 0.013863 0.010357 0.007406 0.014093 0.033473 0.021257 0.022482 0.019655 0.019648 0.035301 0.075145 0.033107 0.047358 0.052794 0.062814 0.053882 0.061571 0.071227 0.101003 0.099971 0.073395 0.036892 0.057438 0.031832 0.029739 0.035293 0.031566 0.040725 0.054367 0.062441 0.066336 0.088793 0.049675 0.057495 0.017266 0.056818 0.065365 0.032748 0.059115 0.056862 0.060607 0.059224 0.056363 0.055743 0.058245 0.057677 0.060503 0.060807 0.061616 0.059282 0.061471 0.059474 0.061409 0.060671 0.072154 0.058939 0.059293 0.061651 0.058560 0.058290 0.058182 
0.026981 0.017645 0.013815 0.010374 0.007812 0.008428 0.007533 0.005555 0.022536 0.004807 0.007026 0.004158 0.006398 0.002516 0.003342 1 0.005180 0.034861 0.022974 0.009606 0.007984 0.034915 0.007379 0.004303 0.009311 0.004426 0.009903 0.003226 0.004847 0.006397 0.005419 0.002568 0.005377 0.004910 0.006501 0.009578 0.024411 0.005765 0.033522 0.033522 0.006022 0.003967 0.009023 0.030751 0.007649 0.021040 0.010818 0.034696 0.029139 0.019870 0.034206 0.016499 0.015721 0.014628 0.014368 0.016459 0.006168 0.004128 0.010973 0.010112 0.015324 0.026806 0.027417 0.036853 0.025727 0.025465 0.024993 0.024301 0.024742 0.030710 0.036577 0.021162 0.009436 0.011751 0.008565 0.007681 0.015444 0.008648 0.016924 0.011729 0.015235 0.009639 0.010605 0.008913 0.032229 0.011026 0.008540 0.012559 0.007262 0.010165 0.015506 0.004834 0.009673 0.008035 0.005202 0.015487 0.016040 0.012415 0.011342 0.010946 0.011448 0.018283 0.020037 0.058406 0.045614 0.083446 0.105662 0.121132 0.067053 0.062718 0.098471 0.102283 0.094472 0.013495 0.012668 0.014821 0.014480 0.022348 0.013671 0.015878 0.012970 0.008616 0.009220 0.015481 0.008763 0.011178 0.007351 0.033283 0.030997 0.048348 0.053091 0.086962 0.014530 0.023571 0.010732 0.014459 0.005468 0.007093 0.007932 0.007812 0.013216 0.008296 0.005948 0.010899 0.009081 0.010901 0.014649 0.010370 0.009496 0.010095 0.013293 0.035443 0.017070 0.011089 0.009997 0.005403 0.011980 0.032129 0.019755 0.021147 0.018645 0.017662 0.033602 0.073780 0.033684 0.049090 0.054835 0.063454 0.054068 0.061724 0.071389 0.100302 0.099281 0.073619 0.037035 0.057812 0.030624 0.028780 0.033541 0.030158 0.038790 0.052957 0.061991 0.065565 0.086228 0.047778 0.055458 0.015524 0.055437 0.063112 0.031291 0.057663 0.055991 0.059047 0.057776 0.055494 0.055095 0.056918 0.056632 0.059009 0.059083 0.061947 0.057787 0.059834 0.057930 0.059727 0.059028 0.070408 0.058029 0.058434 0.059980 0.057220 0.056955 0.056980 
0.025409 0.020660 0.017744 0.011713 0.011548 0.011192 0.010870 0.009059 0.023443 0.006832 0.010667 0.003146 0.010859 0.005972 0.004340 0.005180 1 0.033559 0.022234 0.010569 0.007799 0.034442 0.004822 0.003827 0.010867 0.005170 0.010884 0.005648 0.004937 0.007425 0.003059 0.004307 0.005396 0.006006 0.003730 0.010093 0.023825 0.004185 0.031498 0.031498 0.003104 0.003682 0.009592 0.027888 0.005631 0.019523 0.009805 0.032220 0.025352 0.018860 0.031105 0.014336 0.015628 0.014053 0.014373 0.016398 0.008102 0.005745 0.013963 0.011906 0.015101 0.026388 0.024480 0.034666 0.022739 0.023390 0.021140 0.020429 0.021059 0.027102 0.038976 0.021167 0.013683 0.015278 0.012748 0.011863 0.017267 0.011628 0.020005 0.014475 0.017383 0.014254 0.013329 0.012123 0.035585 0.013242 0.013017 0.015061 0.010484 0.013023 0.012409 0.008405 0.012467 0.011842 0.009086 0.015324 0.012784 0.011080 0.013105 0.011247 0.012237 0.016663 0.019017 0.054918 0.042778 0.080787 0.102895 0.117670 0.066264 0.062653 0.095502 0.099194 0.091578 0.014640 0.011780 0.015290 0.014545 0.024016 0.015652 0.018108 0.012870 0.011916 0.012278 0.017943 0.008771 0.010445 0.006266 0.032033 0.030365 0.047176 0.051596 0.084600 0.015389 0.023834 0.012694 0.013849 0.006585 0.010145 0.012468 0.011751 0.015234 0.009199 0.008744 0.013022 0.008709 0.008895 0.015230 0.011916 0.010443 0.008469 0.014210 0.033651 0.016507 0.012893 0.007514 0.006564 0.012278 0.029835 0.019096 0.020458 0.017307 0.016966 0.032189 0.075699 0.032247 0.046022 0.051972 0.062456 0.054408 0.060866 0.069706 0.101359 0.100408 0.071749 0.036311 0.056812 0.030290 0.028006 0.034180 0.030754 0.042981 0.053590 0.061853 0.065265 0.090033 0.051675 0.058240 0.014775 0.054663 0.063849 0.033442 0.060024 0.058057 0.061349 0.060162 0.057470 0.056549 0.059068 0.058540 0.061252 0.061928 0.063193 0.060652 0.062375 0.060349 0.061956 0.061285 0.073593 0.059475 0.059959 0.062436 0.059683 0.059456 0.059227 
0.015216 0.027282 0.031917 0.026890 0.031516 0.035388 0.030778 0.032715 0.017864 0.031215 0.037806 0.032176 0.037207 0.034261 0.036651 0.034861 0.033559 1 0.013016 0.029858 0.030640 0.013331 0.030095 0.032435 0.026560 0.030892 0.026786 0.032643 0.036057 0.029078 0.034010 0.034252 0.031773 0.038148 0.032352 0.025905 0.013190 0.032466 0.009798 0.009798 0.031974 0.034689 0.027160 0.012819 0.032250 0.016961 0.025977 0.011187 0.020938 0.017510 0.016670 0.022903 0.027435 0.029792 0.030653 0.043614 0.031537 0.031843 0.029563 0.026769 0.020839 0.015675 0.013770 0.008001 0.015838 0.013231 0.023032 0.023717 0.022178 0.021462 0.028079 0.018596 0.035379 0.031550 0.035711 0.035231 0.026195 0.032346 0.027417 0.036158 0.035696 0.034670 0.028466 0.032310 0.037600 0.027358 0.034067 0.028248 0.032203 0.040339 0.024003 0.033447 0.033646 0.031939 0.037829 0.021831 0.023351 0.042426 0.038889 0.032016 0.037294 0.038556 0.042713 0.036763 0.026523 0.086184 0.102095 0.111058 0.062455 0.070541 0.101564 0.105033 0.089778 0.024606 0.025088 0.023062 0.024249 0.025258 0.028239 0.026185 0.023812 0.034510 0.030187 0.028117 0.026266 0.027853 0.028483 0.026931 0.030978 0.040179 0.048434 0.077220 0.024551 0.019272 0.027831 0.023807 0.031346 0.033885 0.039380 0.036631 0.027912 0.027652 0.034104 0.032086 0.030792 0.028016 0.022508 0.026263 0.026689 0.037653 0.028081 0.005393 0.024315 0.026008 0.027826 0.030431 0.024059 0.010688 0.019016 0.019507 0.021158 0.020740 0.005588 0.070674 0.042873 0.058753 0.068559 0.072375 0.067642 0.065460 0.068215 0.105700 0.105502 0.070282 0.043176 0.064149 0.026286 0.029220 0.027209 0.030207 0.055488 0.046896 0.061096 0.064657 0.090835 0.061726 0.055937 0.021248 0.033273 0.042572 0.040186 0.061576 0.063680 0.062063 0.063132 0.063016 0.062207 0.061094 0.061359 0.060941 0.063529 0.085801 0.064811 0.063586 0.061493 0.061305 0.061258 0.078455 0.060579 0.061521 0.062691 0.064365 0.064862 0.064076 
0.011763 0.017399 0.020530 0.015907 0.019877 0.023866 0.019254 0.021096 0.010918 0.019347 0.026005 0.020610 0.025454 0.022293 0.024780 0.022974 0.022234 0.013016 1 0.018185 0.019195 0.016629 0.018961 0.020783 0.014899 0.019378 0.015433 0.020773 0.024256 0.017488 0.022541 0.022450 0.020363 0.026189 0.020944 0.014455 0.008201 0.021064 0.014501 0.014501 0.020830 0.023054 0.015661 0.014014 0.021252 0.009750 0.015020 0.015741 0.018415 0.009674 0.018818 0.013805 0.017486 0.019602 0.020118 0.032449 0.020286 0.020231 0.018537 0.015525 0.008394 0.011394 0.012091 0.016110 0.011896 0.007889 0.017803 0.017951 0.016957 0.019489 0.025392 0.011701 0.023897 0.020356 0.024194 0.023601 0.016393 0.020930 0.017009 0.024879 0.024965 0.023080 0.017602 0.020958 0.031730 0.015604 0.021774 0.017504 0.020597 0.028387 0.015471 0.021256 0.020784 0.019624 0.025892 0.011487 0.014919 0.031204 0.027421 0.020968 0.025910 0.028788 0.032382 0.043138 0.030371 0.083880 0.102601 0.113841 0.061422 0.065197 0.099169 0.102857 0.090067 0.014140 0.015139 0.012791 0.014208 0.017751 0.017941 0.016432 0.013345 0.022954 0.018601 0.017808 0.014871 0.016996 0.017154 0.024205 0.025989 0.039634 0.047059 0.078998 0.014756 0.013374 0.016691 0.013987 0.019900 0.022193 0.027445 0.024808 0.017367 0.016476 0.022570 0.020857 0.019624 0.017754 0.010111 0.014865 0.015120 0.026796 0.017303 0.013754 0.014102 0.014954 0.017155 0.018540 0.012617 0.013697 0.010623 0.011908 0.012348 0.010770 0.013030 0.070238 0.036127 0.053223 0.062096 0.066899 0.060741 0.061556 0.067075 0.104739 0.104238 0.069355 0.037611 0.059147 0.020877 0.022746 0.022720 0.023457 0.045819 0.044922 0.058033 0.062220 0.086526 0.055436 0.053805 0.011322 0.039211 0.047847 0.031840 0.056322 0.057163 0.057475 0.057754 0.056636 0.056149 0.055770 0.055853 0.056360 0.058148 0.077380 0.058529 0.058796 0.056387 0.057254 0.056894 0.073933 0.055805 0.056741 0.058204 0.058432 0.058675 0.058159 
0.022461 0.014826 0.011959 0.007107 0.009707 0.007303 0.010216 0.011387 0.016731 0.005697 0.009400 0.007738 0.010457 0.008860 0.010598 0.009606 0.010569 0.029858 0.018185 1 0.004221 0.032884 0.007295 0.006998 0.008834 0.007618 0.004849 0.006725 0.009109 0.005961 0.009227 0.010654 0.007863 0.011522 0.008193 0.007660 0.018152 0.007537 0.030733 0.030733 0.010213 0.010432 0.006206 0.027523 0.009891 0.014927 0.009179 0.030953 0.026904 0.014600 0.031688 0.012416 0.014720 0.013837 0.014091 0.021086 0.009046 0.006538 0.011599 0.008759 0.012956 0.020938 0.023684 0.032447 0.022554 0.020960 0.023220 0.022869 0.022680 0.028321 0.030980 0.015348 0.009986 0.008892 0.009341 0.008835 0.009440 0.005994 0.015179 0.007842 0.009034 0.010841 0.009304 0.006172 0.027300 0.006265 0.009997 0.007613 0.005662 0.010650 0.012510 0.006424 0.009903 0.007840 0.009785 0.008872 0.013575 0.018550 0.012153 0.010223 0.013660 0.017787 0.025466 0.054585 0.041026 0.082292 0.102768 0.118904 0.065878 0.065040 0.099276 0.103013 0.093747 0.009868 0.009690 0.009907 0.008739 0.015128 0.008202 0.010811 0.007890 0.006808 0.006237 0.009125 0.007905 0.004277 0.006325 0.028996 0.026674 0.044362 0.050797 0.084336 0.011636 0.016544 0.009339 0.009515 0.009943 0.006067 0.011739 0.008522 0.006916 0.008943 0.006896 0.004241 0.009986 0.008556 0.013025 0.006492 0.005095 0.012546 0.004340 0.031018 0.018877 0.008634 0.007482 0.007362 0.008389 0.029168 0.012657 0.013450 0.011968 0.017151 0.028404 0.067371 0.031665 0.049176 0.056181 0.064005 0.054808 0.060759 0.069507 0.097231 0.096409 0.072035 0.032950 0.057796 0.026531 0.027132 0.029234 0.026663 0.040869 0.049848 0.059628 0.065995 0.088009 0.046987 0.050964 0.011183 0.048206 0.057712 0.029387 0.055416 0.053763 0.057087 0.056361 0.053345 0.053022 0.054790 0.053920 0.056174 0.057311 0.066091 0.056271 0.058077 0.055847 0.057900 0.057266 0.069388 0.054803 0.054843 0.058056 0.056102 0.056231 0.055731 
