
---	Treino para o 0-fold	---
Max epochs   100000. Desired error: 0.0010000000.
Epochs            1. Current error: 0.0953276530. Bit fail 416.
Epochs           76. Current error: 0.0009979410. Bit fail 0.

---	Treino para o 1-fold	---
Max epochs   100000. Desired error: 0.0010000000.
Epochs            1. Current error: 0.0009645415. Bit fail 0.

---	Treino para o 2-fold	---
Max epochs   100000. Desired error: 0.0010000000.
Epochs            1. Current error: 0.0009222347. Bit fail 0.

---	Treino para o 3-fold	---
Max epochs   100000. Desired error: 0.0010000000.
Epochs            1. Current error: 0.0009312426. Bit fail 0.

---	Treino para o 4-fold	---
Max epochs   100000. Desired error: 0.0010000000.
Epochs            1. Current error: 0.0009827365. Bit fail 0.

---	Treino para o 5-fold	---
Max epochs   100000. Desired error: 0.0010000000.
Epochs            1. Current error: 0.0010097601. Bit fail 0.
Epochs            2. Current error: 0.0009841921. Bit fail 0.

---	Treino para o 6-fold	---
Max epochs   100000. Desired error: 0.0010000000.
Epochs            1. Current error: 0.0010299883. Bit fail 0.
Epochs            3. Current error: 0.0009788871. Bit fail 0.

---	Treino para o 7-fold	---
Max epochs   100000. Desired error: 0.0010000000.
Epochs            1. Current error: 0.0010449921. Bit fail 0.
Epochs            3. Current error: 0.0009697611. Bit fail 0.

---	Treino para o 8-fold	---
Max epochs   100000. Desired error: 0.0010000000.
Epochs            1. Current error: 0.0010549824. Bit fail 0.
Epochs            4. Current error: 0.0009974489. Bit fail 0.

---	Treino para o 9-fold	---
Max epochs   100000. Desired error: 0.0010000000.
Epochs            1. Current error: 0.0011224377. Bit fail 0.
Epochs            8. Current error: 0.0009878785. Bit fail 0.



>>>	ACURACIA: 0.010213
>>>	Hidden neurons: 4

1 0.082300 0.028541 0.057667 0.126764 0.020358 0.073633 0.010672 0.041362 0.065322 0.141540 0.022073 0.104073 0.079015 0.084470 0.064074 0.085306 0.110995 0.116082 0.150779 0.100102 0.058471 0.139698 0.064556 0.013365 0.091752 0.133046 0.117095 0.042115 0.137263 0.051738 0.040832 0.128413 0.041115 0.012944 0.056445 0.024931 0.084228 0.047428 0.209908 0.047457 0.032744 0.025214 0.112554 0.025532 0.026185 0.072066 0.009942 0.016058 0.013958 0.089350 0.125981 0.168470 0.078361 0.044432 0.025308 0.023442 0.108764 0.052531 0.050884 0.141801 0.105697 0.099469 0.159788 0.043160 0.044397 0.022968 0.044097 0.024111 0.202188 0.067306 0.097637 0.062504 0.137263 0.066715 0.117518 0.085823 0.075618 0.113518 0.050984 0.138695 0.072764 0.078034 0.134667 0.090707 0.074068 0.142268 0.064708 0.097187 0.097409 0.108964 0.092512 0.059302 0.084299 0.167476 0.068628 0.079742 0.049628 0.044445 0.090878 0.045712 0.117291 0.087395 0.055688 0.071945 0.117678 0.104697 0.045528 0.067761 0.109879 0.121691 1.585624 1.448609 1.702882 1.662201 1.541338 1.525396 1.535515 1.554112 1.590113 1.661639 1.577254 1.528025 1.479446 1.353317 1.524814 1.642014 1.451629 1.582334 1.542675 1.471212 1.500871 1.537771 1.529306 1.510454 1.385198 1.525161 1.490804 1.466233 1.483409 1.499862 1.563646 1.508870 1.438735 1.451723 1.522394 1.327543 1.407826 1.406534 1.479259 1.456209 1.582900 1.481215 1.376769 1.398374 1.506454 1.305657 1.510437 1.495801 1.505021 1.407941 1.444852 1.456209 1.420141 1.459805 1.267202 1.466704 1.418900 1.446850 1.372369 1.529754 1.492328 1.390040 1.464879 1.469559 1.344502 1.468442 1.425288 1.486030 1.294169 1.422004 1.411621 1.432747 1.426067 1.513521 1.457126 1.505074 1.394382 1.509603 1.342199 1.434720 1.355139 1.318953 1.448347 1.361011 1.374201 1.438300 1.418520 1.403139 0.041387 0.249536 0.032487 0.228406 0.374545 0.175366 0.146950 0.260727 0.314054 0.207678 0.267462 
0.082300 1 0.062147 0.030926 0.050295 0.065484 0.155348 0.083150 0.064697 0.037736 0.223354 0.069960 0.182358 0.157434 0.161868 0.141006 0.162771 0.034455 0.038142 0.229930 0.180456 0.138451 0.059845 0.128674 0.081372 0.020240 0.210976 0.192948 0.121815 0.217084 0.112418 0.122048 0.209922 0.117561 0.072656 0.040525 0.076276 0.048833 0.129550 0.290841 0.125900 0.108520 0.084532 0.194469 0.069294 0.073977 0.014759 0.084736 0.096788 0.092537 0.170836 0.206645 0.249641 0.159502 0.118439 0.102217 0.062362 0.028832 0.034546 0.096294 0.214693 0.176030 0.173597 0.239929 0.092665 0.106506 0.069554 0.122402 0.088865 0.280557 0.142574 0.178202 0.136182 0.083955 0.145663 0.199095 0.166980 0.128740 0.191016 0.061751 0.220162 0.114360 0.127285 0.075078 0.071225 0.062275 0.077983 0.127294 0.137788 0.109926 0.069319 0.067919 0.081620 0.143343 0.248887 0.147843 0.081311 0.084551 0.109268 0.056751 0.120232 0.057737 0.085254 0.095951 0.078240 0.064768 0.068302 0.111683 0.099479 0.054251 0.064170 1.664396 1.527817 1.781433 1.741118 1.620047 1.604541 1.614443 1.632962 1.668963 1.740586 1.655699 1.606295 1.558428 1.432168 1.603921 1.720402 1.530473 1.660984 1.621516 1.550183 1.579877 1.615864 1.607603 1.588890 1.463822 1.603747 1.568734 1.544307 1.561922 1.577515 1.641521 1.586724 1.516415 1.528846 1.599451 1.404292 1.485415 1.483894 1.556186 1.533577 1.660151 1.558493 1.453578 1.475443 1.583466 1.382893 1.587466 1.572669 1.582042 1.485222 1.522076 1.533532 1.497730 1.537159 1.344576 1.544144 1.496133 1.523707 1.449260 1.606887 1.569770 1.467132 1.542072 1.546438 1.421824 1.545498 1.502128 1.563229 1.371337 1.499172 1.489385 1.510239 1.503462 1.591302 1.533992 1.582090 1.471243 1.587065 1.419433 1.511806 1.432326 1.396511 1.525175 1.438626 1.452207 1.516140 1.496486 1.480503 0.114520 0.329547 0.089141 0.305687 0.455171 0.254106 0.224787 0.338886 0.395073 0.285380 0.347502 
0.028541 0.062147 1 0.033393 0.107561 0.009270 0.096000 0.024144 0.045961 0.054017 0.163479 0.023315 0.121203 0.097632 0.102601 0.078984 0.100750 0.090871 0.092397 0.170590 0.122012 0.081491 0.119964 0.080764 0.025456 0.075057 0.152045 0.136195 0.062843 0.158360 0.067369 0.062968 0.150644 0.060905 0.027721 0.045420 0.035694 0.070621 0.071592 0.229507 0.070046 0.054927 0.028096 0.135245 0.023315 0.028936 0.053998 0.028602 0.038649 0.040991 0.110596 0.145594 0.190846 0.100920 0.069081 0.051692 0.012185 0.089538 0.037487 0.049990 0.158670 0.122142 0.114979 0.180719 0.048558 0.050692 0.028739 0.066172 0.043576 0.222981 0.090893 0.121481 0.083727 0.124009 0.091045 0.141042 0.111079 0.090842 0.136843 0.049121 0.161925 0.080435 0.090254 0.121863 0.084348 0.070364 0.128164 0.085024 0.105767 0.098079 0.100177 0.084490 0.062908 0.098246 0.191671 0.093885 0.078200 0.061722 0.067336 0.082173 0.067245 0.103323 0.083219 0.066691 0.071346 0.104310 0.095350 0.065764 0.076792 0.096884 0.107329 1.607507 1.470573 1.724700 1.684119 1.563271 1.547269 1.557462 1.576005 1.612059 1.683527 1.599116 1.549815 1.501366 1.375067 1.546731 1.663861 1.473559 1.604261 1.564485 1.493146 1.522799 1.559550 1.551115 1.532275 1.406997 1.547040 1.512623 1.488049 1.505278 1.521490 1.585266 1.530481 1.460313 1.473246 1.543891 1.349077 1.429350 1.428162 1.500731 1.477782 1.604398 1.502802 1.398228 1.419932 1.527936 1.327178 1.531952 1.517328 1.526542 1.429609 1.466427 1.477699 1.441725 1.481258 1.288799 1.488282 1.440505 1.468326 1.393866 1.551208 1.513749 1.411507 1.486351 1.491031 1.366008 1.489901 1.446689 1.507459 1.315794 1.443387 1.433200 1.454300 1.447591 1.535118 1.478625 1.526619 1.415803 1.530998 1.363576 1.456167 1.376628 1.340549 1.469788 1.382554 1.395730 1.459805 1.440111 1.424742 0.056668 0.270094 0.036557 0.248012 0.394587 0.195827 0.166450 0.281200 0.334056 0.228324 0.288077 
0.057667 0.030926 0.033393 1 0.075112 0.038895 0.128977 0.056489 0.050669 0.035468 0.196644 0.047844 0.154495 0.130841 0.135623 0.112003 0.133446 0.058180 0.059159 0.203787 0.155001 0.113836 0.087059 0.108748 0.056262 0.045090 0.185061 0.168515 0.095781 0.191469 0.093662 0.095008 0.183789 0.092956 0.050517 0.031175 0.053880 0.049074 0.103859 0.262734 0.101877 0.085510 0.058923 0.167574 0.042997 0.052925 0.024843 0.058319 0.070795 0.069727 0.143778 0.178189 0.223964 0.133830 0.097858 0.080408 0.035506 0.057354 0.020766 0.074464 0.190456 0.153026 0.147473 0.213946 0.072911 0.081104 0.049942 0.098135 0.069177 0.255811 0.118147 0.152246 0.110708 0.097997 0.120432 0.172763 0.141949 0.107801 0.165663 0.047762 0.193672 0.093038 0.105850 0.094419 0.070026 0.059306 0.099307 0.105900 0.117596 0.097289 0.078973 0.068109 0.066401 0.118809 0.223139 0.123220 0.072501 0.070542 0.088862 0.062604 0.094690 0.075630 0.075982 0.077949 0.067676 0.078314 0.074968 0.088622 0.084101 0.070381 0.079910 1.640382 1.503531 1.757532 1.717026 1.596119 1.580232 1.590361 1.608895 1.644942 1.716447 1.631910 1.582572 1.534279 1.407968 1.579677 1.696645 1.506435 1.637097 1.597386 1.526053 1.555718 1.592263 1.583876 1.565068 1.439833 1.579864 1.545281 1.520746 1.538081 1.554106 1.617948 1.563156 1.492941 1.505728 1.576362 1.381438 1.461962 1.460690 1.533166 1.510324 1.636928 1.535318 1.430625 1.452386 1.560395 1.359682 1.564411 1.549737 1.558997 1.462106 1.498928 1.510245 1.474326 1.513818 1.321326 1.520846 1.473001 1.500739 1.426279 1.583709 1.546343 1.443986 1.518863 1.523452 1.398540 1.522376 1.479109 1.539982 1.348259 1.475906 1.465850 1.486880 1.480148 1.567776 1.511036 1.559068 1.448223 1.563603 1.396108 1.488650 1.409127 1.373130 1.502198 1.415166 1.428452 1.492491 1.472816 1.457276 0.088967 0.303373 0.065284 0.280762 0.427944 0.228813 0.199354 0.314058 0.367354 0.260988 0.321356 
0.126764 0.050295 0.107561 0.075112 1 0.111372 0.199955 0.128640 0.098545 0.065304 0.267588 0.118166 0.228374 0.204265 0.209245 0.185187 0.205829 0.017042 0.030482 0.276845 0.226709 0.184668 0.016559 0.177950 0.128292 0.037115 0.258514 0.241320 0.168008 0.263733 0.161528 0.164683 0.254952 0.165060 0.116043 0.073105 0.114012 0.056877 0.173656 0.334650 0.172589 0.155540 0.132656 0.236114 0.108686 0.122871 0.055466 0.127483 0.141892 0.137491 0.215265 0.248402 0.295039 0.204962 0.164780 0.147520 0.105793 0.023945 0.074295 0.146227 0.263825 0.225411 0.221799 0.286288 0.142635 0.155319 0.117291 0.169334 0.135867 0.328114 0.178552 0.217387 0.171685 0.050405 0.184176 0.239562 0.207430 0.154177 0.226595 0.090254 0.260245 0.137116 0.151154 0.039937 0.074128 0.077376 0.036865 0.157769 0.155813 0.117897 0.057214 0.068921 0.104689 0.170588 0.288368 0.186612 0.092962 0.113692 0.143976 0.058894 0.157543 0.031833 0.092887 0.122344 0.094243 0.041002 0.059227 0.145881 0.120800 0.036614 0.035303 1.711548 1.574604 1.828778 1.788223 1.667189 1.651442 1.661438 1.680050 1.716048 1.787672 1.703004 1.653657 1.605371 1.479155 1.650807 1.767782 1.577470 1.708195 1.668606 1.597118 1.626823 1.663314 1.654944 1.636130 1.510906 1.650936 1.616204 1.591706 1.609100 1.625158 1.689126 1.634306 1.564015 1.576680 1.647350 1.452146 1.533084 1.531583 1.604107 1.581301 1.708043 1.606266 1.501491 1.523223 1.631381 1.430586 1.635375 1.620605 1.629935 1.532907 1.569852 1.581329 1.545367 1.584938 1.392185 1.591860 1.543876 1.571636 1.497115 1.654793 1.617571 1.514955 1.589908 1.594366 1.469494 1.593390 1.550086 1.611111 1.419021 1.547050 1.536943 1.557927 1.551178 1.638920 1.581922 1.629979 1.519164 1.634876 1.467210 1.559659 1.480088 1.444070 1.573126 1.486232 1.499678 1.563738 1.543989 1.528207 0.162350 0.375950 0.138171 0.353753 0.500432 0.301403 0.272445 0.386563 0.439320 0.333188 0.393893 
0.020358 0.065484 0.009270 0.038895 0.111372 1 0.090418 0.017808 0.041573 0.054771 0.158291 0.016196 0.117423 0.092928 0.097932 0.076032 0.097927 0.094962 0.097906 0.165695 0.116305 0.075001 0.123788 0.074447 0.018455 0.077376 0.147264 0.130931 0.057126 0.152987 0.060555 0.057691 0.145170 0.054758 0.019276 0.045917 0.030615 0.073342 0.065292 0.225366 0.063257 0.047483 0.024002 0.130052 0.021621 0.022557 0.056660 0.022522 0.032057 0.032387 0.105565 0.141629 0.185259 0.095041 0.060850 0.043145 0.009974 0.092847 0.038903 0.047977 0.154038 0.117102 0.110995 0.175528 0.043748 0.047737 0.020841 0.059548 0.034884 0.217572 0.085233 0.115917 0.078957 0.126722 0.085193 0.135567 0.104805 0.087345 0.131570 0.047537 0.156596 0.079192 0.087804 0.123835 0.085064 0.069493 0.130500 0.079834 0.104646 0.098301 0.101137 0.085671 0.061010 0.095885 0.185984 0.087627 0.077882 0.056506 0.060644 0.082876 0.062133 0.105601 0.084152 0.063146 0.070594 0.106789 0.096687 0.060497 0.073844 0.098821 0.110065 1.601931 1.465014 1.719131 1.678556 1.557662 1.541744 1.551875 1.570433 1.606469 1.677979 1.593502 1.544200 1.495794 1.369538 1.541181 1.658253 1.467961 1.598652 1.558943 1.487566 1.517229 1.553918 1.545496 1.526666 1.401415 1.541433 1.506948 1.482392 1.499659 1.515857 1.579672 1.524882 1.454698 1.467586 1.538239 1.343353 1.423746 1.422484 1.495069 1.472130 1.598778 1.497136 1.392549 1.414243 1.522283 1.321518 1.526289 1.511639 1.520874 1.423903 1.460757 1.472079 1.436095 1.475655 1.283123 1.482640 1.434821 1.462652 1.388179 1.545585 1.508176 1.405859 1.480721 1.485362 1.360367 1.484260 1.441042 1.501851 1.310083 1.437790 1.427594 1.448671 1.441960 1.529517 1.472944 1.520941 1.410147 1.525439 1.357980 1.450531 1.370980 1.334900 1.464124 1.376940 1.390175 1.454244 1.434529 1.419075 0.051668 0.265140 0.032369 0.242981 0.390101 0.190585 0.161427 0.275950 0.329717 0.222866 0.283114 
0.073633 0.155348 0.096000 0.128977 0.199955 0.090418 1 0.072623 0.107907 0.137169 0.068012 0.087479 0.038436 0.022064 0.028159 0.031521 0.033251 0.184131 0.188088 0.079665 0.030254 0.022798 0.213119 0.060610 0.074946 0.165257 0.064895 0.056041 0.034966 0.066055 0.067474 0.037181 0.055116 0.043079 0.084862 0.128332 0.088920 0.153402 0.026738 0.136915 0.034923 0.051445 0.075281 0.043886 0.092728 0.086018 0.145572 0.072691 0.058618 0.064724 0.016595 0.057717 0.095598 0.009598 0.050275 0.057729 0.094682 0.182132 0.125729 0.083215 0.082470 0.060009 0.045645 0.087449 0.080359 0.064088 0.088930 0.037577 0.072881 0.131999 0.052756 0.042266 0.055648 0.205580 0.039906 0.051909 0.032440 0.094751 0.066403 0.117164 0.071683 0.105226 0.099830 0.205055 0.154434 0.139595 0.213372 0.078689 0.118913 0.142800 0.176226 0.157497 0.115326 0.088482 0.100588 0.039344 0.137753 0.103948 0.073913 0.159169 0.055523 0.188407 0.144281 0.101492 0.130576 0.187270 0.171363 0.071440 0.112982 0.180797 0.192087 1.513896 1.376577 1.631312 1.590398 1.469684 1.453365 1.463689 1.482325 1.518362 1.589788 1.505766 1.456617 1.407558 1.281423 1.452830 1.570579 1.379850 1.510737 1.470835 1.399338 1.428974 1.466502 1.457887 1.438922 1.313501 1.453558 1.419687 1.394994 1.411845 1.428853 1.492459 1.437688 1.367667 1.381095 1.451806 1.257242 1.336813 1.335767 1.408765 1.385398 1.512165 1.410493 1.306374 1.327803 1.435898 1.234930 1.439890 1.425396 1.434479 1.337260 1.374169 1.385398 1.349157 1.388937 1.196410 1.395840 1.348226 1.376421 1.301920 1.459081 1.421378 1.319403 1.394161 1.399105 1.273685 1.397835 1.354832 1.415290 1.223568 1.351264 1.340486 1.361825 1.355204 1.442392 1.386706 1.434552 1.323918 1.438622 1.271390 1.364074 1.284435 1.247998 1.377921 1.289982 1.302845 1.367070 1.347235 1.332356 0.048068 0.176702 0.074779 0.158678 0.301026 0.104762 0.078297 0.189962 0.240553 0.138258 0.194583 
0.010672 0.083150 0.024144 0.056489 0.128640 0.017808 0.072623 1 0.049067 0.069510 0.140488 0.020941 0.100248 0.075721 0.081010 0.059320 0.081195 0.112377 0.115596 0.148352 0.098794 0.057813 0.141315 0.062596 0.009459 0.094395 0.130208 0.114491 0.039638 0.135544 0.050838 0.040557 0.127414 0.038605 0.020910 0.060432 0.031962 0.087484 0.047721 0.207738 0.046685 0.032562 0.016970 0.112520 0.027722 0.024286 0.073941 0.012386 0.014551 0.019798 0.087774 0.124257 0.167578 0.077383 0.047053 0.029718 0.023462 0.110360 0.055151 0.043865 0.138260 0.102236 0.094902 0.157997 0.039199 0.036653 0.025181 0.042975 0.027562 0.200446 0.071339 0.099234 0.065673 0.141151 0.069643 0.118297 0.088004 0.081172 0.116058 0.056855 0.139311 0.076784 0.082691 0.138999 0.095989 0.080235 0.146180 0.071047 0.101215 0.102247 0.114234 0.097388 0.065682 0.087160 0.168762 0.072007 0.085502 0.058497 0.052478 0.096043 0.049086 0.121104 0.092065 0.062762 0.077879 0.121549 0.109558 0.051500 0.074838 0.114015 0.125317 1.584646 1.447650 1.701886 1.661244 1.540390 1.524389 1.534562 1.553133 1.589169 1.660660 1.576278 1.527008 1.478470 1.352237 1.523833 1.641039 1.450664 1.581391 1.541643 1.470244 1.499901 1.536759 1.528299 1.509443 1.384157 1.524182 1.489823 1.465239 1.482422 1.498781 1.562551 1.507767 1.437616 1.450612 1.521276 1.326457 1.406682 1.405466 1.478132 1.455109 1.581776 1.480133 1.375637 1.397281 1.505330 1.304525 1.509333 1.494715 1.503919 1.406902 1.443764 1.455065 1.419032 1.458634 1.266106 1.465604 1.417828 1.445730 1.371252 1.528606 1.491136 1.388892 1.463732 1.468435 1.343356 1.467298 1.424122 1.484860 1.293106 1.420805 1.410496 1.431626 1.424933 1.512415 1.456020 1.503988 1.393224 1.508396 1.340983 1.433563 1.353995 1.317845 1.447207 1.359872 1.373031 1.437130 1.417393 1.402056 0.036211 0.247626 0.025660 0.226055 0.372486 0.173363 0.144403 0.258835 0.312056 0.205891 0.265596 
0.041362 0.064697 0.045961 0.050669 0.098545 0.041573 0.107907 0.049067 1 0.033619 0.173706 0.048020 0.141830 0.117540 0.123394 0.101173 0.120202 0.085341 0.096957 0.186758 0.135346 0.094517 0.112699 0.100251 0.051158 0.065104 0.170376 0.154804 0.081119 0.172410 0.085448 0.073841 0.161480 0.080770 0.029681 0.027305 0.022041 0.052377 0.081393 0.242439 0.084329 0.069831 0.061840 0.141258 0.030273 0.054100 0.050879 0.041865 0.056083 0.048717 0.123554 0.156824 0.200946 0.113156 0.076150 0.057745 0.034299 0.084138 0.032394 0.086055 0.180470 0.144306 0.139329 0.194392 0.076447 0.084432 0.044621 0.082168 0.053963 0.237076 0.082684 0.121296 0.078133 0.101034 0.088043 0.143573 0.110492 0.069279 0.131172 0.015898 0.164223 0.062711 0.071027 0.097900 0.053519 0.034369 0.106462 0.064655 0.086843 0.071285 0.070245 0.055759 0.030080 0.087813 0.191259 0.089662 0.045356 0.020868 0.046299 0.052796 0.063712 0.082167 0.055947 0.036347 0.037823 0.082019 0.066853 0.051250 0.043096 0.074297 0.086801 1.616957 1.479615 1.734421 1.693504 1.572605 1.556570 1.566666 1.585390 1.621348 1.692944 1.608675 1.559504 1.510579 1.384601 1.555919 1.673521 1.482774 1.613674 1.574006 1.502323 1.532010 1.569309 1.560754 1.541814 1.416471 1.556476 1.522291 1.497682 1.514691 1.531602 1.595410 1.540611 1.470470 1.483621 1.554361 1.359370 1.439669 1.438254 1.511238 1.488004 1.614918 1.513034 1.408732 1.430167 1.538443 1.337436 1.542403 1.527746 1.536958 1.439603 1.476671 1.488145 1.451896 1.491749 1.298876 1.498507 1.450664 1.478824 1.404253 1.561785 1.524348 1.421962 1.496832 1.501534 1.376279 1.500437 1.457348 1.518076 1.325850 1.454077 1.443336 1.464555 1.457898 1.545293 1.489089 1.536990 1.426392 1.541659 1.374178 1.466682 1.387004 1.350610 1.480362 1.392775 1.405935 1.470144 1.450228 1.434899 0.081975 0.283414 0.068829 0.264205 0.407207 0.210671 0.183603 0.295375 0.346067 0.242625 0.301156 
0.065322 0.037736 0.054017 0.035468 0.065304 0.054771 0.137169 0.069510 0.033619 1 0.204144 0.063175 0.168334 0.144152 0.149705 0.125607 0.145689 0.052027 0.064994 0.215621 0.164661 0.123025 0.079887 0.123200 0.070459 0.033807 0.198266 0.182106 0.107332 0.201881 0.107222 0.101768 0.191807 0.105826 0.053856 0.009239 0.049390 0.025011 0.110600 0.272009 0.111804 0.095732 0.078238 0.171948 0.047283 0.069272 0.023324 0.065598 0.080894 0.075680 0.152616 0.185661 0.231788 0.142505 0.104273 0.085842 0.047156 0.052447 0.017813 0.098802 0.206516 0.169200 0.164218 0.224150 0.092180 0.102228 0.061379 0.108906 0.077499 0.266802 0.113829 0.152650 0.107664 0.073752 0.119329 0.174933 0.142466 0.094035 0.162228 0.026422 0.195635 0.080583 0.092883 0.069562 0.039177 0.025815 0.076984 0.094320 0.103270 0.075180 0.047601 0.037929 0.045111 0.111339 0.223362 0.121545 0.044985 0.050341 0.078934 0.029706 0.093271 0.051998 0.051442 0.060575 0.041196 0.053398 0.044525 0.081376 0.062542 0.044646 0.056919 1.648767 1.511545 1.766149 1.725342 1.604431 1.588445 1.598544 1.617222 1.653200 1.724781 1.640426 1.591208 1.542457 1.416387 1.587816 1.705243 1.514636 1.645476 1.605810 1.534207 1.563892 1.600976 1.592472 1.573570 1.448251 1.588269 1.553952 1.529370 1.546480 1.563135 1.626970 1.572169 1.501995 1.515015 1.585730 1.390709 1.471142 1.469741 1.542576 1.519470 1.646306 1.544485 1.440042 1.461580 1.569795 1.368860 1.573768 1.559091 1.568330 1.471098 1.508108 1.519556 1.483402 1.523157 1.330354 1.529984 1.482118 1.510149 1.435602 1.593143 1.555747 1.453331 1.528217 1.532864 1.407719 1.531788 1.488635 1.549433 1.357304 1.485410 1.474875 1.496031 1.489349 1.576832 1.520422 1.568370 1.457695 1.573049 1.405534 1.498042 1.418401 1.382126 1.511667 1.424269 1.437487 1.501651 1.481797 1.466373 0.104820 0.313634 0.085217 0.293308 0.437650 0.240093 0.212016 0.325284 0.376359 0.272236 0.331495 
0.141540 0.223354 0.163479 0.196644 0.267588 0.158291 0.068012 0.140488 0.173706 0.204144 1 0.155042 0.051900 0.070688 0.069345 0.088720 0.071667 0.251866 0.255717 0.033394 0.047286 0.086857 0.280985 0.114834 0.142673 0.233052 0.041173 0.057873 0.102161 0.028312 0.127203 0.103288 0.016201 0.108570 0.152516 0.195441 0.155113 0.219186 0.094259 0.071180 0.100001 0.117634 0.142026 0.037871 0.159592 0.153015 0.213496 0.140199 0.126606 0.132233 0.052922 0.035753 0.032296 0.064672 0.112716 0.124228 0.162415 0.250078 0.193445 0.144934 0.068484 0.082002 0.070057 0.030789 0.143766 0.126733 0.156350 0.103213 0.139219 0.075687 0.101869 0.062619 0.107672 0.270158 0.090867 0.042014 0.067534 0.144790 0.075221 0.182565 0.037648 0.159618 0.150126 0.270730 0.217652 0.203995 0.279456 0.130821 0.165326 0.198366 0.240546 0.221225 0.177465 0.132446 0.052061 0.088990 0.199232 0.166446 0.133842 0.224294 0.115535 0.254671 0.205049 0.161477 0.192694 0.252732 0.235548 0.130948 0.171277 0.246963 0.257932 1.448275 1.310620 1.565849 1.524653 1.404144 1.387418 1.397957 1.416642 1.452694 1.524002 1.440427 1.391417 1.341778 1.215730 1.386929 1.505279 1.314203 1.445245 1.405129 1.333574 1.363172 1.401456 1.392667 1.373582 1.248018 1.388107 1.354816 1.329996 1.346460 1.364162 1.427545 1.372804 1.302951 1.316876 1.387611 1.193442 1.272180 1.271382 1.344698 1.320963 1.447776 1.346140 1.242463 1.263667 1.371746 1.170671 1.375735 1.361400 1.370332 1.272961 1.309876 1.320980 1.284537 1.324472 1.132070 1.331339 1.283947 1.312437 1.237944 1.394799 1.356812 1.255219 1.329851 1.335086 1.209315 1.333649 1.290847 1.350955 1.159421 1.286968 1.275704 1.297279 1.290739 1.377570 1.322719 1.370420 1.259934 1.374022 1.207062 1.299867 1.220185 1.183454 1.313949 1.225347 1.237838 1.302186 1.282272 1.267961 0.112830 0.111705 0.140373 0.101942 0.233857 0.051467 0.042673 0.129305 0.173197 0.083426 0.129228 
0.022073 0.069960 0.023315 0.047844 0.118166 0.016196 0.087479 0.020941 0.048020 0.063175 0.155042 1 0.114541 0.088413 0.092645 0.076872 0.099162 0.101997 0.104818 0.160278 0.110887 0.069107 0.129380 0.061895 0.015281 0.082651 0.141370 0.123273 0.053193 0.147300 0.046700 0.058999 0.140998 0.047777 0.022171 0.054940 0.039683 0.084530 0.062941 0.223149 0.056365 0.039105 0.018955 0.129148 0.035597 0.006936 0.062856 0.029492 0.031417 0.027836 0.103149 0.141864 0.180262 0.090604 0.051047 0.036084 0.024771 0.097796 0.047390 0.038298 0.145966 0.107714 0.105095 0.170256 0.029997 0.041353 0.007759 0.052735 0.022813 0.210617 0.088576 0.116413 0.084161 0.136601 0.086946 0.134914 0.103805 0.096343 0.133814 0.057687 0.155968 0.091333 0.098270 0.131544 0.095916 0.078446 0.137941 0.085940 0.116559 0.111263 0.110092 0.096601 0.071935 0.105615 0.184769 0.088462 0.089349 0.062470 0.064306 0.091802 0.067318 0.113646 0.096954 0.072588 0.081828 0.116204 0.106602 0.066915 0.083643 0.106888 0.119163 1.594633 1.458015 1.711699 1.671330 1.550309 1.534722 1.544672 1.563188 1.599197 1.670788 1.586003 1.536633 1.488649 1.362405 1.534119 1.650713 1.460724 1.591252 1.551736 1.480411 1.510091 1.546242 1.537938 1.519203 1.394109 1.534030 1.499168 1.474705 1.492229 1.507989 1.571926 1.517138 1.446882 1.459464 1.530082 1.335049 1.415892 1.414464 1.486857 1.464131 1.590714 1.489073 1.384291 1.406096 1.514108 1.313495 1.518108 1.503369 1.512690 1.415827 1.452673 1.464078 1.428221 1.467694 1.275152 1.474674 1.426737 1.454403 1.379958 1.537483 1.500266 1.397755 1.472657 1.477126 1.352398 1.476123 1.432815 1.493799 1.301977 1.429747 1.419830 1.440751 1.434001 1.521732 1.464688 1.512744 1.401930 1.517549 1.350003 1.442425 1.362928 1.327031 1.455874 1.369110 1.382582 1.446542 1.426873 1.411064 0.045562 0.259830 0.023192 0.235940 0.386008 0.184200 0.155002 0.268999 0.326589 0.215511 0.277766 
0.104073 0.182358 0.121203 0.154495 0.228374 0.117423 0.038436 0.100248 0.141830 0.168334 0.051900 0.114541 1 0.027853 0.026300 0.045220 0.033048 0.211893 0.212949 0.053589 0.029005 0.053609 0.241039 0.078450 0.101953 0.194614 0.038109 0.039642 0.062878 0.045824 0.090078 0.069037 0.041712 0.068773 0.116452 0.159253 0.121601 0.183640 0.061925 0.111167 0.064616 0.080911 0.098722 0.047692 0.122185 0.112147 0.174022 0.102760 0.088152 0.096924 0.026698 0.045141 0.077163 0.036551 0.081835 0.090771 0.122871 0.210184 0.155150 0.098792 0.057852 0.051631 0.026918 0.064382 0.101365 0.080471 0.117541 0.066099 0.103067 0.108187 0.086354 0.063132 0.087575 0.236868 0.073889 0.059290 0.061461 0.126924 0.084845 0.149947 0.071416 0.135264 0.130409 0.237111 0.187046 0.173234 0.244957 0.113375 0.146906 0.173709 0.209195 0.189711 0.148717 0.115101 0.097735 0.074172 0.170698 0.139883 0.110782 0.191862 0.089184 0.219714 0.175785 0.135842 0.163701 0.218531 0.203828 0.106214 0.147307 0.212379 0.222992 1.489352 1.352252 1.606587 1.565807 1.445273 1.428827 1.439304 1.457817 1.493909 1.565167 1.481269 1.432124 1.383177 1.256929 1.428397 1.545989 1.355537 1.486261 1.446243 1.374994 1.404571 1.442016 1.433420 1.414495 1.289125 1.429135 1.395356 1.370651 1.387496 1.404290 1.467752 1.413032 1.343101 1.356558 1.427180 1.232991 1.312171 1.311384 1.384185 1.360887 1.487390 1.385989 1.281902 1.303432 1.411268 1.210543 1.415291 1.400889 1.409915 1.312983 1.349698 1.360728 1.324621 1.364227 1.172135 1.371291 1.323834 1.351892 1.277514 1.434342 1.396529 1.294859 1.369511 1.374551 1.249234 1.373190 1.330199 1.390518 1.199364 1.326486 1.315920 1.337255 1.330638 1.417727 1.362189 1.410023 1.299351 1.413710 1.246714 1.339459 1.259939 1.223630 1.353343 1.265438 1.278156 1.342300 1.322598 1.307923 0.070002 0.150916 0.096814 0.132055 0.274330 0.080596 0.053276 0.164594 0.214536 0.114680 0.168813 
0.079015 0.157434 0.097632 0.130841 0.204265 0.092928 0.022064 0.075721 0.117540 0.144152 0.070688 0.088413 0.027853 1 0.007345 0.031305 0.034890 0.187884 0.189599 0.073165 0.028190 0.027285 0.216554 0.052529 0.076511 0.169591 0.054791 0.042959 0.036961 0.061470 0.062769 0.048213 0.056789 0.041493 0.091159 0.135137 0.098357 0.161226 0.038688 0.136231 0.037320 0.053567 0.073650 0.056780 0.099467 0.085683 0.149273 0.079146 0.063270 0.070810 0.025207 0.064180 0.095351 0.019389 0.054565 0.064039 0.098972 0.185319 0.130718 0.074501 0.067450 0.042915 0.025323 0.083676 0.074901 0.056262 0.090898 0.038655 0.075703 0.126079 0.073136 0.062107 0.074257 0.214610 0.060687 0.066900 0.053875 0.112704 0.086208 0.126929 0.084172 0.120251 0.116848 0.213368 0.165397 0.150178 0.221068 0.097378 0.135511 0.157146 0.186266 0.167916 0.127875 0.105809 0.112030 0.060665 0.150179 0.117081 0.089924 0.168590 0.071475 0.195973 0.156377 0.115987 0.142789 0.195650 0.181417 0.087356 0.128065 0.188602 0.199917 1.510278 1.373384 1.627448 1.586833 1.466094 1.450018 1.460268 1.478781 1.514836 1.586238 1.501971 1.452742 1.404187 1.277950 1.449516 1.566688 1.376426 1.507062 1.467267 1.395981 1.425600 1.462520 1.454041 1.435197 1.309942 1.449905 1.415689 1.391081 1.408204 1.424596 1.488249 1.433502 1.363444 1.376558 1.447186 1.252654 1.332488 1.331441 1.404102 1.381019 1.507561 1.406055 1.301702 1.323336 1.431251 1.230556 1.435259 1.420726 1.429868 1.332946 1.369720 1.380904 1.344888 1.384457 1.192160 1.391475 1.343824 1.371743 1.297334 1.454444 1.416867 1.314858 1.389612 1.394431 1.269339 1.393208 1.350096 1.410674 1.219230 1.346634 1.336313 1.357485 1.350819 1.438157 1.382033 1.429953 1.319231 1.434092 1.266876 1.359492 1.279971 1.243816 1.373206 1.285735 1.298758 1.362828 1.343132 1.328004 0.043913 0.172862 0.071189 0.151211 0.298334 0.098721 0.069576 0.184133 0.239095 0.131880 0.190841 
0.084470 0.161868 0.102601 0.135623 0.209245 0.097932 0.028159 0.081010 0.123394 0.149705 0.069345 0.092645 0.026300 0.007345 1 0.037703 0.039942 0.192806 0.194137 0.068724 0.026507 0.032024 0.221245 0.052329 0.081250 0.174437 0.049516 0.036519 0.042519 0.057476 0.064088 0.055191 0.055111 0.045589 0.096559 0.140711 0.104534 0.167188 0.045235 0.133843 0.041704 0.057808 0.077780 0.059523 0.105458 0.089490 0.154130 0.085085 0.068870 0.076027 0.028960 0.065919 0.092268 0.023618 0.058066 0.068902 0.104383 0.189929 0.135958 0.076236 0.060528 0.036373 0.018726 0.079791 0.077055 0.059009 0.095110 0.043056 0.079749 0.121028 0.080014 0.067093 0.081443 0.220664 0.067452 0.069865 0.059070 0.119911 0.091235 0.133078 0.086067 0.127512 0.124136 0.219057 0.171798 0.156321 0.226637 0.104389 0.142803 0.164272 0.192335 0.174249 0.134550 0.113054 0.112977 0.067155 0.156859 0.123370 0.096519 0.174563 0.078649 0.201592 0.163164 0.122846 0.149417 0.201543 0.187596 0.094363 0.134973 0.194255 0.205696 1.505426 1.368670 1.622523 1.582002 1.461238 1.445269 1.455472 1.473954 1.510006 1.581416 1.497051 1.447796 1.399413 1.273164 1.444767 1.561739 1.371625 1.502180 1.462443 1.391208 1.420825 1.457533 1.449102 1.430298 1.305107 1.445029 1.410684 1.386108 1.403328 1.419527 1.483209 1.428467 1.358393 1.371396 1.442001 1.247454 1.327411 1.326335 1.398901 1.375906 1.502392 1.400920 1.296494 1.318184 1.426057 1.225445 1.430067 1.415512 1.424680 1.327834 1.364580 1.375770 1.339818 1.379333 1.187082 1.386370 1.338694 1.366533 1.292148 1.449265 1.411745 1.309699 1.384457 1.389224 1.264243 1.388026 1.344880 1.405508 1.214110 1.341468 1.331281 1.352394 1.345714 1.433107 1.376822 1.424764 1.314026 1.428969 1.261746 1.354324 1.274837 1.238767 1.367989 1.280679 1.293772 1.357793 1.338132 1.322896 0.047801 0.168617 0.074577 0.145814 0.294518 0.093881 0.064293 0.179043 0.235875 0.126635 0.186576 
0.064074 0.141006 0.078984 0.112003 0.185187 0.076032 0.031521 0.059320 0.101173 0.125607 0.088720 0.076872 0.045220 0.031305 0.037703 1 0.022821 0.168802 0.170280 0.097536 0.054887 0.037205 0.198427 0.066100 0.063028 0.152606 0.081222 0.073435 0.030733 0.087095 0.069566 0.030790 0.077957 0.040504 0.076557 0.116509 0.079839 0.139436 0.032491 0.151239 0.041135 0.051018 0.061100 0.064349 0.078620 0.076269 0.131926 0.060710 0.048761 0.060602 0.038170 0.069070 0.117803 0.038272 0.059294 0.058594 0.080289 0.168198 0.112669 0.070118 0.096076 0.071743 0.051156 0.107327 0.072644 0.049592 0.080790 0.040242 0.070332 0.152119 0.060074 0.061509 0.056297 0.192693 0.050430 0.073397 0.055958 0.092157 0.082141 0.107425 0.092194 0.095562 0.094080 0.193787 0.143834 0.131006 0.201545 0.080618 0.111082 0.132557 0.166143 0.146188 0.106814 0.082668 0.122613 0.053391 0.128196 0.101056 0.075777 0.148884 0.052391 0.176246 0.132597 0.095935 0.121274 0.174599 0.160377 0.068917 0.107721 0.169063 0.179034 1.533715 1.396397 1.651060 1.610151 1.489624 1.473045 1.483573 1.502142 1.538235 1.609499 1.525706 1.476579 1.427411 1.301169 1.472603 1.590473 1.399796 1.530656 1.490565 1.419222 1.448810 1.486513 1.477864 1.458882 1.333415 1.473505 1.439851 1.415110 1.431848 1.448866 1.512328 1.457588 1.387646 1.401199 1.471859 1.277590 1.356750 1.355954 1.428861 1.405483 1.532090 1.430610 1.326552 1.348026 1.455952 1.255089 1.459974 1.445572 1.454587 1.357542 1.394312 1.405367 1.369181 1.408855 1.216638 1.415891 1.368426 1.396564 1.322134 1.479034 1.441182 1.339483 1.414161 1.419226 1.293776 1.417863 1.374885 1.435200 1.243898 1.371157 1.360444 1.381839 1.375228 1.462300 1.406865 1.454692 1.344013 1.458372 1.291317 1.384105 1.304530 1.268125 1.398025 1.309975 1.322643 1.386859 1.367107 1.352504 0.039264 0.194894 0.062585 0.176755 0.317174 0.124333 0.096332 0.209160 0.256092 0.158467 0.212780 
0.085306 0.162771 0.100750 0.133446 0.205829 0.097927 0.033251 0.081195 0.120202 0.145689 0.071667 0.099162 0.033048 0.034890 0.039942 0.022821 1 0.189614 0.191284 0.083338 0.048989 0.049736 0.219443 0.082033 0.085400 0.173791 0.070229 0.069124 0.050588 0.074638 0.088424 0.047832 0.063738 0.060430 0.097379 0.136660 0.098780 0.158231 0.047409 0.130554 0.057834 0.070809 0.083558 0.048879 0.098554 0.098579 0.153284 0.081293 0.070118 0.081073 0.029273 0.048286 0.101973 0.039381 0.076186 0.077980 0.101482 0.189508 0.133623 0.091449 0.089786 0.074578 0.050007 0.092165 0.094151 0.071022 0.102822 0.058497 0.091232 0.138031 0.064426 0.052198 0.062217 0.210640 0.053996 0.058711 0.052052 0.099820 0.071752 0.125879 0.074949 0.105753 0.101773 0.212835 0.160816 0.148939 0.220853 0.089100 0.117148 0.144334 0.184155 0.163480 0.122730 0.085840 0.105251 0.056652 0.143834 0.117510 0.089297 0.167409 0.064185 0.195621 0.147631 0.110150 0.137301 0.193237 0.178092 0.081589 0.121125 0.188431 0.197994 1.515747 1.378130 1.633239 1.592118 1.471716 1.454792 1.465501 1.484118 1.520240 1.591421 1.507942 1.458874 1.409281 1.283032 1.454382 1.572762 1.381762 1.512805 1.472488 1.401101 1.430675 1.468925 1.460148 1.441059 1.315442 1.455633 1.422378 1.397537 1.413996 1.431481 1.494809 1.440068 1.370203 1.384104 1.454796 1.260725 1.339365 1.338749 1.411864 1.388241 1.514929 1.413443 1.309628 1.330958 1.438913 1.237903 1.442947 1.428645 1.437557 1.340394 1.377174 1.388139 1.351811 1.391573 1.199407 1.398616 1.351291 1.379616 1.305160 1.461911 1.423848 1.322375 1.396996 1.402257 1.276512 1.400785 1.357919 1.418029 1.226813 1.353986 1.342950 1.364517 1.357946 1.444823 1.389928 1.437679 1.327037 1.441014 1.274073 1.366989 1.287368 1.250761 1.381078 1.292565 1.304975 1.369304 1.349504 1.335291 0.060094 0.177154 0.084720 0.162147 0.297259 0.110346 0.084619 0.193587 0.235551 0.144841 0.194862 
0.110995 0.034455 0.090871 0.058180 0.017042 0.094962 0.184131 0.112377 0.085341 0.052027 0.251866 0.101997 0.211893 0.187884 0.192806 0.168802 0.189614 1 0.021199 0.260596 0.210754 0.168815 0.030187 0.162125 0.112016 0.024155 0.242142 0.225041 0.151846 0.247677 0.145882 0.149017 0.239168 0.148871 0.100693 0.058948 0.099430 0.046523 0.158009 0.318705 0.156705 0.139699 0.116022 0.220872 0.093167 0.106724 0.039664 0.111708 0.125874 0.122000 0.199353 0.232766 0.279309 0.189108 0.149539 0.132193 0.089651 0.014073 0.058796 0.129619 0.247348 0.209085 0.205138 0.270234 0.126469 0.138540 0.101539 0.153349 0.120428 0.312053 0.164700 0.202804 0.157639 0.057251 0.169732 0.224700 0.192765 0.142607 0.212884 0.077421 0.245469 0.125529 0.139671 0.048867 0.067526 0.068025 0.048949 0.145298 0.145672 0.110278 0.055957 0.062512 0.093284 0.158113 0.273955 0.172261 0.084278 0.101878 0.130763 0.052356 0.143057 0.034517 0.084809 0.110514 0.084436 0.042623 0.056247 0.132277 0.110318 0.035829 0.039010 1.695925 1.559014 1.813131 1.772599 1.651590 1.635815 1.645842 1.664432 1.700445 1.772041 1.687391 1.638038 1.589770 1.463518 1.635201 1.752159 1.561879 1.692589 1.652968 1.581524 1.611220 1.647700 1.639331 1.620521 1.495294 1.635332 1.600618 1.576113 1.593505 1.609527 1.673470 1.618655 1.548376 1.561057 1.631717 1.436572 1.517428 1.515983 1.588481 1.565679 1.692385 1.590651 1.485878 1.507627 1.615747 1.414972 1.619748 1.604998 1.614314 1.517329 1.554240 1.565677 1.529733 1.569276 1.376587 1.576231 1.528276 1.556019 1.481512 1.639137 1.601883 1.499323 1.574261 1.578745 1.453871 1.577748 1.534445 1.595443 1.403445 1.531375 1.521300 1.542289 1.535540 1.623268 1.566309 1.614366 1.503532 1.619177 1.451543 1.544017 1.464460 1.428458 1.557499 1.470589 1.484005 1.548056 1.528331 1.512596 0.145873 0.359872 0.121604 0.337501 0.484401 0.285268 0.256158 0.370464 0.423406 0.317136 0.377830 
0.116082 0.038142 0.092397 0.059159 0.030482 0.097906 0.188088 0.115596 0.096957 0.064994 0.255717 0.104818 0.212949 0.189599 0.194137 0.170280 0.191284 0.021199 1 0.262442 0.213993 0.172636 0.035818 0.163694 0.114931 0.038830 0.243457 0.226375 0.154837 0.250332 0.148099 0.153699 0.242917 0.151448 0.107244 0.069927 0.107862 0.060802 0.162796 0.321256 0.160368 0.143492 0.116796 0.226088 0.099071 0.108935 0.047699 0.116720 0.129826 0.127563 0.202851 0.236350 0.283040 0.192898 0.154732 0.137868 0.093929 0.025646 0.066716 0.127256 0.247219 0.209265 0.205011 0.272839 0.126621 0.137650 0.105644 0.156725 0.125217 0.314194 0.173296 0.209676 0.165578 0.074127 0.177228 0.230848 0.199768 0.153942 0.221148 0.089466 0.251631 0.135778 0.150453 0.067952 0.084322 0.084336 0.066367 0.156248 0.156599 0.123625 0.075771 0.079312 0.106107 0.166978 0.280932 0.180055 0.099240 0.115043 0.141279 0.070876 0.150502 0.054751 0.098750 0.122692 0.098805 0.061466 0.074917 0.141667 0.123864 0.056404 0.057670 1.698711 1.561996 1.815787 1.775419 1.654425 1.638678 1.648739 1.667248 1.703304 1.774844 1.690114 1.640692 1.592666 1.466273 1.638109 1.754836 1.564771 1.695390 1.655719 1.584435 1.614118 1.650316 1.642008 1.623245 1.498060 1.638112 1.603268 1.578785 1.596288 1.611965 1.675903 1.621094 1.550796 1.563358 1.633968 1.438897 1.519780 1.518421 1.590711 1.568055 1.694626 1.593019 1.488113 1.509984 1.617981 1.417338 1.622010 1.607267 1.616589 1.519804 1.556603 1.567957 1.532147 1.571533 1.379044 1.578611 1.530679 1.558254 1.483799 1.641346 1.604099 1.501590 1.576517 1.580976 1.456226 1.579975 1.536610 1.597641 1.405898 1.533545 1.523736 1.544659 1.537882 1.625685 1.568560 1.616661 1.505731 1.621366 1.453755 1.546253 1.466768 1.430922 1.559698 1.472986 1.486426 1.550409 1.530788 1.515008 0.147189 0.362115 0.121843 0.338720 0.486541 0.287329 0.257670 0.372289 0.425912 0.319137 0.380095 
0.150779 0.229930 0.170590 0.203787 0.276845 0.165695 0.079665 0.148352 0.186758 0.215621 0.033394 0.160278 0.053589 0.073165 0.068724 0.097536 0.083338 0.260596 0.262442 1 0.051825 0.093423 0.289093 0.111158 0.149159 0.241758 0.021034 0.042934 0.108987 0.016401 0.126275 0.116276 0.032456 0.112711 0.162271 0.206695 0.168258 0.232501 0.105680 0.073385 0.105529 0.123016 0.146032 0.065553 0.171119 0.156978 0.221777 0.150789 0.135272 0.141037 0.066115 0.061209 0.031685 0.073620 0.118370 0.132438 0.171487 0.257650 0.203002 0.142720 0.040307 0.067172 0.061020 0.014021 0.143260 0.126915 0.162036 0.108517 0.144853 0.054894 0.124308 0.089342 0.129240 0.285079 0.111984 0.072254 0.090191 0.168236 0.105928 0.196611 0.070720 0.180945 0.173362 0.284115 0.234069 0.219023 0.292177 0.153036 0.189914 0.219700 0.255741 0.237130 0.194757 0.157013 0.081793 0.110166 0.217092 0.182649 0.151654 0.238555 0.133612 0.267228 0.223291 0.180204 0.210031 0.266569 0.250946 0.149646 0.191122 0.259725 0.271217 1.437433 1.300433 1.554688 1.513997 1.393271 1.377061 1.387380 1.405908 1.441994 1.513372 1.429200 1.379966 1.331265 1.204976 1.376572 1.493963 1.303532 1.434280 1.394349 1.323063 1.352683 1.389801 1.381263 1.362365 1.237032 1.377073 1.343030 1.318363 1.335366 1.351957 1.415547 1.360786 1.290756 1.304083 1.374741 1.180327 1.259825 1.258898 1.331694 1.308452 1.435069 1.333543 1.229330 1.250874 1.358819 1.158004 1.362842 1.348378 1.357446 1.260445 1.297220 1.308340 1.272240 1.311855 1.119585 1.318891 1.271325 1.299366 1.224930 1.381959 1.344238 1.242361 1.317088 1.322040 1.196741 1.320742 1.277697 1.338148 1.146753 1.274094 1.263593 1.284864 1.278219 1.365465 1.309667 1.357545 1.246821 1.361449 1.194278 1.286993 1.207435 1.171164 1.300827 1.213053 1.225939 1.290073 1.270359 1.255453 0.115682 0.099929 0.142406 0.079761 0.226482 0.027136 0.012523 0.111718 0.169293 0.061535 0.117887 
