
---	Treino para o 0-fold	---
Max epochs   100000. Desired error: 0.0010000000.
Epochs            1. Current error: 0.2331760973. Bit fail 1938.
Epochs           34. Current error: 0.0009562564. Bit fail 2.

---	Treino para o 1-fold	---
Max epochs   100000. Desired error: 0.0010000000.
Epochs            1. Current error: 0.0007163522. Bit fail 0.

---	Treino para o 2-fold	---
Max epochs   100000. Desired error: 0.0010000000.
Epochs            1. Current error: 0.0007226263. Bit fail 1.

---	Treino para o 3-fold	---
Max epochs   100000. Desired error: 0.0010000000.
Epochs            1. Current error: 0.0004643227. Bit fail 1.

---	Treino para o 4-fold	---
Max epochs   100000. Desired error: 0.0010000000.
Epochs            1. Current error: 0.0003329793. Bit fail 0.

---	Treino para o 5-fold	---
Max epochs   100000. Desired error: 0.0010000000.
Epochs            1. Current error: 0.0001906998. Bit fail 0.

---	Treino para o 6-fold	---
Max epochs   100000. Desired error: 0.0010000000.
Epochs            1. Current error: 0.0002002184. Bit fail 0.

---	Treino para o 7-fold	---
Max epochs   100000. Desired error: 0.0010000000.
Epochs            1. Current error: 0.0001693405. Bit fail 0.

---	Treino para o 8-fold	---
Max epochs   100000. Desired error: 0.0010000000.
Epochs            1. Current error: 0.0001080605. Bit fail 0.

---	Treino para o 9-fold	---
Max epochs   100000. Desired error: 0.0010000000.
Epochs            1. Current error: 0.0001003216. Bit fail 0.



>>>	ACURACIA: 0.012141
>>>	Hidden neurons: 11

1 0.026639 0.062124 0.212434 0.236734 0.196920 0.108412 0.120929 0.028009 0.023755 0.221046 0.102443 0.123324 0.040633 0.236869 0.128994 0.118662 0.039155 0.295428 0.151474 0.194181 0.222331 0.031624 0.050197 0.164246 0.155804 0.060819 0.102510 0.103479 0.038543 0.116235 0.223573 0.060542 0.096878 0.009474 0.104196 0.131657 0.010606 0.046467 0.211389 0.185154 0.038421 0.014835 0.299001 0.127708 0.003635 0.011229 0.059120 0.014314 0.105803 0.036546 0.099234 0.070840 0.160734 0.009336 0.028421 0.063302 0.106745 0.119241 0.544559 0.328091 0.591435 0.369366 0.588774 0.724129 0.301437 0.493905 0.509051 0.253986 0.264734 0.164268 0.603818 0.552064 0.040459 0.136953 0.624367 0.672205 0.518785 0.234749 0.533285 0.870041 0.279939 0.377361 0.503571 0.478319 0.575582 0.524689 0.442452 0.323481 0.389244 0.559951 0.603285 0.540074 0.843069 0.727327 0.074848 0.362195 0.602031 0.310188 0.613227 0.286009 0.458711 0.584071 0.648967 0.329556 0.807838 0.507251 0.441781 0.651307 0.250124 0.348737 0.628150 0.312366 0.500869 0.553285 0.535286 0.442030 0.587136 0.590243 0.370759 0.296455 0.398452 0.557107 0.546544 0.550669 0.558599 0.580292 0.450419 0.600739 0.354449 0.288892 0.389399 0.364293 0.322048 0.300958 0.254335 0.238622 0.411734 0.357265 0.336460 0.333888 0.188957 0.405554 0.377646 0.123503 0.146663 0.537390 0.313736 0.285798 0.356457 0.392679 0.426624 0.481409 0.261046 0.296342 0.224316 0.446386 0.110432 0.258236 0.305654 0.412008 0.253861 0.352964 0.262463 0.316808 0.411614 0.231904 0.261907 0.194028 0.283497 0.539830 0.598232 0.354006 0.277885 0.261395 0.183639 0.179688 0.455705 
0.026639 1 0.088063 0.238454 0.210732 0.222915 0.134607 0.147163 0.003601 0.004460 0.247020 0.128517 0.149365 0.065445 0.262793 0.155083 0.144722 0.064628 0.321204 0.125211 0.168085 0.196332 0.005751 0.024007 0.138072 0.129656 0.086763 0.128593 0.077111 0.012913 0.142225 0.249522 0.034057 0.123075 0.034096 0.077825 0.105320 0.033949 0.019924 0.185330 0.158949 0.011847 0.038265 0.273163 0.101411 0.026574 0.016883 0.032645 0.014059 0.131865 0.062001 0.125327 0.096790 0.186815 0.017820 0.054467 0.036989 0.132739 0.145236 0.520620 0.302766 0.567516 0.343982 0.564241 0.701095 0.275531 0.468739 0.484306 0.228386 0.239673 0.138577 0.579468 0.527676 0.015741 0.110900 0.600593 0.648515 0.494563 0.209099 0.508661 0.847812 0.253995 0.352015 0.478915 0.453391 0.551405 0.500173 0.417529 0.297885 0.363942 0.535649 0.579469 0.515648 0.820659 0.704120 0.049931 0.337389 0.577701 0.284164 0.588874 0.260229 0.433927 0.559907 0.625291 0.303991 0.785336 0.482464 0.416101 0.626672 0.224276 0.322833 0.603381 0.286360 0.475416 0.528121 0.509998 0.416350 0.562179 0.565132 0.344862 0.270545 0.373084 0.532003 0.521399 0.525569 0.533485 0.555345 0.424807 0.575832 0.328522 0.262734 0.363484 0.338296 0.295952 0.274800 0.228092 0.212343 0.385878 0.331247 0.310406 0.307826 0.162782 0.379694 0.351717 0.097470 0.120569 0.511978 0.287617 0.259640 0.330452 0.366809 0.400837 0.455864 0.234842 0.270151 0.198070 0.420659 0.084708 0.232182 0.279586 0.386154 0.227657 0.326942 0.236243 0.290706 0.385748 0.205689 0.235686 0.167876 0.257353 0.516000 0.574709 0.328937 0.252572 0.236016 0.158375 0.154426 0.431227 
0.062124 0.088063 1 0.151271 0.297571 0.135595 0.047236 0.060110 0.088674 0.084759 0.159899 0.041176 0.061718 0.024233 0.175694 0.067524 0.057070 0.023706 0.234616 0.212797 0.255413 0.283320 0.093302 0.111898 0.225550 0.217119 0.001650 0.041606 0.164877 0.100322 0.054422 0.162448 0.121948 0.036135 0.054349 0.165618 0.192946 0.054574 0.107673 0.272490 0.246333 0.099598 0.050602 0.359404 0.189134 0.061920 0.071384 0.120271 0.074311 0.043976 0.026286 0.037497 0.008895 0.099475 0.070496 0.034172 0.124950 0.044865 0.057348 0.601267 0.387811 0.647787 0.428978 0.645938 0.778390 0.361742 0.552449 0.567125 0.314437 0.324969 0.225227 0.660652 0.609348 0.102266 0.198365 0.680354 0.727808 0.576068 0.295518 0.590983 0.922310 0.340490 0.436831 0.561442 0.536722 0.632468 0.582266 0.501113 0.383530 0.448641 0.617018 0.659457 0.597420 0.895763 0.781871 0.136300 0.421232 0.658900 0.370353 0.670011 0.346527 0.517124 0.640876 0.704677 0.389670 0.860889 0.565338 0.500157 0.707640 0.308637 0.407759 0.684614 0.371416 0.558856 0.610611 0.593019 0.500725 0.644195 0.647539 0.429821 0.355293 0.455745 0.614430 0.603707 0.607774 0.615776 0.636915 0.508665 0.657460 0.413368 0.348298 0.448348 0.423394 0.381331 0.360458 0.313981 0.298246 0.470826 0.416557 0.395978 0.393385 0.248392 0.464572 0.436710 0.182728 0.205773 0.595352 0.373194 0.345214 0.415585 0.451498 0.485413 0.539686 0.320548 0.356084 0.283830 0.504975 0.168938 0.317239 0.364818 0.470972 0.313440 0.412448 0.322115 0.376128 0.470602 0.291387 0.321507 0.253263 0.342985 0.596365 0.653965 0.413316 0.337925 0.321582 0.244250 0.240320 0.513626 
0.212434 0.238454 0.151271 1 0.444484 0.015949 0.104393 0.091884 0.239200 0.235345 0.008878 0.110501 0.089722 0.174955 0.024697 0.083918 0.094385 0.174749 0.083866 0.361633 0.403385 0.430503 0.243637 0.261848 0.374018 0.365616 0.152441 0.110403 0.314458 0.250233 0.097084 0.011673 0.271957 0.115939 0.204726 0.315192 0.342026 0.204999 0.257827 0.420082 0.394610 0.249875 0.201596 0.504892 0.338292 0.212188 0.222058 0.270565 0.224877 0.107463 0.177402 0.113891 0.142747 0.051998 0.220891 0.184398 0.274895 0.106614 0.094264 0.736204 0.531121 0.781901 0.571870 0.782443 0.907160 0.507287 0.692707 0.705674 0.459842 0.469128 0.372431 0.796263 0.745874 0.251932 0.346829 0.813461 0.859894 0.712574 0.441578 0.728713 1.045940 0.486556 0.579433 0.699628 0.676376 0.767906 0.719638 0.641330 0.527811 0.590938 0.753030 0.793048 0.734187 1.020478 0.911325 0.284879 0.562532 0.794437 0.516171 0.805491 0.492041 0.656583 0.776139 0.837006 0.533883 0.986439 0.704032 0.643178 0.844012 0.455563 0.553017 0.821765 0.517515 0.700168 0.750241 0.733314 0.643797 0.782683 0.786385 0.574668 0.501497 0.598731 0.753862 0.743433 0.747289 0.755186 0.775401 0.651315 0.795496 0.558499 0.495069 0.592859 0.568504 0.527377 0.506929 0.461449 0.445963 0.614777 0.561857 0.541709 0.539210 0.396930 0.608679 0.581469 0.332284 0.354882 0.735961 0.519451 0.492011 0.560921 0.595899 0.629016 0.681624 0.467883 0.502783 0.431803 0.648046 0.318404 0.464366 0.511099 0.614895 0.460902 0.557873 0.469462 0.522327 0.614631 0.439266 0.468854 0.401681 0.489875 0.731023 0.786493 0.555431 0.482130 0.466254 0.390284 0.386435 0.651993 
0.236734 0.210732 0.297571 0.444484 1 0.429363 0.343057 0.355198 0.210198 0.214153 0.452797 0.337029 0.357553 0.275028 0.468213 0.363126 0.353014 0.274428 0.524829 0.086384 0.043575 0.014776 0.205640 0.186978 0.073324 0.081520 0.296252 0.336962 0.134339 0.198580 0.350611 0.455181 0.177023 0.331620 0.244097 0.133675 0.106057 0.243856 0.191246 0.026153 0.053055 0.199255 0.248245 0.063069 0.110100 0.236654 0.227307 0.179136 0.224330 0.340577 0.271923 0.334123 0.306172 0.394046 0.228175 0.264260 0.174108 0.341361 0.353647 0.322441 0.097339 0.368974 0.136359 0.361709 0.508349 0.065551 0.262394 0.279945 0.027635 0.046893 0.075946 0.378020 0.325751 0.196837 0.100505 0.402788 0.451058 0.294274 0.019159 0.305264 0.660521 0.043709 0.144622 0.275536 0.248131 0.350821 0.297609 0.212465 0.089274 0.156607 0.334405 0.381453 0.313674 0.632085 0.510079 0.163843 0.135906 0.376149 0.076345 0.387440 0.050564 0.229815 0.359389 0.427966 0.095175 0.596012 0.277949 0.216207 0.429066 0.069915 0.126790 0.405956 0.095812 0.274243 0.328857 0.308903 0.214253 0.363087 0.364253 0.145616 0.087762 0.185785 0.332604 0.323835 0.328081 0.335077 0.359237 0.224982 0.378086 0.132113 0.073609 0.162817 0.138622 0.100215 0.080400 0.051457 0.048080 0.181985 0.130799 0.109921 0.108043 0.071669 0.177123 0.151388 0.124979 0.105548 0.309205 0.091556 0.071467 0.131808 0.167199 0.198728 0.253778 0.056993 0.074162 0.053005 0.218784 0.138798 0.064498 0.089127 0.183361 0.053101 0.125005 0.054852 0.096092 0.183170 0.052896 0.055545 0.070447 0.069313 0.318927 0.379299 0.125265 0.052687 0.039346 0.062427 0.065634 0.230170 
0.196920 0.222915 0.135595 0.015949 0.429363 1 0.088791 0.076385 0.223623 0.219792 0.024425 0.094818 0.073980 0.159244 0.040216 0.068213 0.078654 0.159067 0.099463 0.346299 0.388168 0.415362 0.228128 0.246367 0.358733 0.350313 0.136770 0.094758 0.299029 0.234752 0.081318 0.027011 0.256450 0.100345 0.189139 0.299766 0.326639 0.189384 0.242288 0.404904 0.379347 0.234330 0.185976 0.489936 0.322918 0.196643 0.206489 0.255044 0.209288 0.091753 0.161732 0.098205 0.127073 0.036361 0.205340 0.168815 0.259422 0.090865 0.078507 0.722341 0.516357 0.768135 0.557184 0.768470 0.893964 0.492308 0.678339 0.691479 0.444850 0.454292 0.357210 0.782382 0.731878 0.236483 0.331522 0.799812 0.846370 0.698560 0.426532 0.714603 1.033304 0.471534 0.564778 0.685440 0.662056 0.754030 0.705541 0.626940 0.512973 0.576327 0.739078 0.779348 0.720150 1.007730 0.898079 0.269521 0.547984 0.780559 0.501172 0.791624 0.477078 0.642267 0.762286 0.823449 0.519073 0.973596 0.689817 0.628443 0.830036 0.440328 0.538035 0.807694 0.502409 0.685637 0.735902 0.718910 0.629089 0.768472 0.772136 0.559740 0.486380 0.583946 0.739546 0.729071 0.732958 0.740869 0.761165 0.636623 0.781324 0.543515 0.479875 0.577946 0.553516 0.512273 0.491781 0.446176 0.430647 0.599951 0.546862 0.526675 0.524162 0.381516 0.593831 0.566538 0.316729 0.339364 0.721509 0.504336 0.476818 0.545908 0.580993 0.614218 0.667015 0.452622 0.487622 0.416453 0.633309 0.302820 0.449112 0.495965 0.600065 0.445631 0.542878 0.454210 0.507209 0.599789 0.423931 0.453598 0.386262 0.474681 0.717176 0.772874 0.540792 0.467255 0.451323 0.375181 0.371323 0.637756 
0.108412 0.134607 0.047236 0.104393 0.343057 0.088791 1 0.012988 0.135395 0.131478 0.113042 0.007002 0.015410 0.071316 0.128923 0.020764 0.010985 0.070759 0.187915 0.258922 0.301222 0.328856 0.139813 0.158216 0.271521 0.263064 0.048360 0.007330 0.211255 0.146535 0.009983 0.115605 0.168393 0.011924 0.100735 0.211985 0.239145 0.101065 0.154170 0.318184 0.292304 0.146153 0.097667 0.404466 0.235336 0.108223 0.118129 0.166954 0.120991 0.006289 0.073380 0.010393 0.038950 0.052503 0.116935 0.080302 0.171332 0.006824 0.012887 0.642741 0.431958 0.689134 0.473118 0.688308 0.818115 0.406876 0.596014 0.609973 0.359216 0.369101 0.270457 0.702714 0.651536 0.148309 0.244184 0.721415 0.768641 0.618094 0.340475 0.633616 0.960518 0.385756 0.480903 0.604131 0.579942 0.674296 0.624700 0.544404 0.428122 0.492622 0.659033 0.700640 0.639665 0.934308 0.821880 0.181768 0.464607 0.700894 0.415732 0.712049 0.391503 0.560135 0.682677 0.745525 0.434230 0.899629 0.608252 0.545019 0.750372 0.354785 0.453280 0.727640 0.417232 0.603159 0.654418 0.636985 0.545526 0.687583 0.691057 0.475192 0.401169 0.500747 0.658135 0.647582 0.651580 0.659529 0.680430 0.553411 0.700775 0.458874 0.394272 0.493626 0.468855 0.427083 0.406307 0.360139 0.344485 0.515856 0.462042 0.441562 0.439010 0.294916 0.509683 0.482053 0.229540 0.252479 0.639398 0.418984 0.391196 0.461121 0.496760 0.530387 0.584141 0.366693 0.401959 0.330173 0.549808 0.215763 0.363399 0.410675 0.516029 0.359610 0.457929 0.368234 0.421927 0.515695 0.337712 0.367638 0.299782 0.388987 0.637721 0.694690 0.457030 0.382232 0.366032 0.288938 0.285033 0.556181 
0.120929 0.147163 0.060110 0.091884 0.355198 0.076385 0.012988 1 0.148009 0.144092 0.100534 0.019402 0.007562 0.084229 0.116457 0.009751 0.007338 0.083549 0.175378 0.271281 0.313466 0.341013 0.152352 0.170674 0.283825 0.275353 0.061207 0.019134 0.223708 0.158973 0.010737 0.103091 0.180887 0.024252 0.113290 0.224436 0.251532 0.113655 0.166695 0.330392 0.304610 0.158702 0.110439 0.416478 0.247723 0.120739 0.130762 0.179537 0.133598 0.017763 0.086193 0.023252 0.051876 0.040057 0.129474 0.092859 0.183799 0.017447 0.010841 0.653693 0.443680 0.700064 0.484843 0.699558 0.828605 0.418919 0.607606 0.621333 0.371125 0.380795 0.282517 0.713874 0.662708 0.160678 0.256434 0.732268 0.779439 0.629207 0.352434 0.644922 0.970600 0.397835 0.492613 0.615445 0.591415 0.685366 0.635942 0.555884 0.439985 0.504305 0.670158 0.711525 0.650854 0.944482 0.832454 0.193938 0.476093 0.712027 0.427876 0.723205 0.403478 0.571531 0.693743 0.756320 0.446078 0.909847 0.619635 0.557088 0.761814 0.367305 0.465542 0.739182 0.429595 0.615053 0.666183 0.648776 0.557549 0.699210 0.702714 0.487397 0.413574 0.512959 0.669860 0.659387 0.663366 0.671287 0.692145 0.565448 0.712405 0.471136 0.406657 0.505798 0.481080 0.439398 0.418642 0.372571 0.356945 0.527924 0.474263 0.453799 0.451266 0.307484 0.521788 0.494240 0.242199 0.265112 0.651193 0.431301 0.403582 0.473371 0.508934 0.542459 0.596061 0.379131 0.414285 0.342675 0.561844 0.228448 0.375874 0.423036 0.528119 0.372049 0.470133 0.380652 0.434257 0.527795 0.350208 0.380065 0.312356 0.401375 0.648643 0.705437 0.468620 0.393995 0.377838 0.300822 0.296925 0.567441 
0.028009 0.003601 0.088674 0.239200 0.210198 0.223623 0.135395 0.148009 1 0.004958 0.247754 0.129246 0.150045 0.065718 0.263503 0.155798 0.145407 0.065120 0.321926 0.124627 0.167577 0.195838 0.006980 0.023980 0.137544 0.129147 0.087392 0.129359 0.076488 0.013792 0.142851 0.250251 0.033490 0.123888 0.034955 0.077211 0.104695 0.034594 0.019260 0.184818 0.158357 0.011169 0.038635 0.272637 0.100847 0.027720 0.017536 0.031781 0.014502 0.132521 0.062507 0.126011 0.097386 0.187562 0.019031 0.055336 0.036636 0.133362 0.145849 0.520387 0.302398 0.567216 0.343560 0.563764 0.700824 0.274944 0.468203 0.483915 0.228017 0.239544 0.138278 0.579020 0.527314 0.016815 0.110503 0.600295 0.648182 0.494287 0.208772 0.508248 0.847546 0.253439 0.351581 0.478532 0.452964 0.551072 0.499804 0.417159 0.297432 0.363519 0.535293 0.579186 0.515284 0.820386 0.703811 0.050258 0.337148 0.577283 0.283449 0.588417 0.259771 0.433588 0.559561 0.624988 0.303569 0.785094 0.482055 0.415107 0.625863 0.222986 0.321805 0.602512 0.285250 0.474497 0.527213 0.509125 0.415449 0.561337 0.564282 0.343879 0.269394 0.371887 0.531127 0.520440 0.524624 0.532563 0.554377 0.423822 0.574935 0.327466 0.261628 0.362482 0.337271 0.294883 0.273747 0.226977 0.211189 0.384977 0.330258 0.309445 0.306851 0.161513 0.378758 0.350725 0.095983 0.119113 0.511109 0.286578 0.258533 0.329415 0.365787 0.399890 0.454956 0.233703 0.269144 0.196864 0.419707 0.082995 0.230949 0.278469 0.385216 0.226531 0.326004 0.235148 0.289633 0.384806 0.204490 0.234573 0.166556 0.256263 0.515779 0.574490 0.328621 0.252272 0.235710 0.158214 0.154270 0.430943 
0.023755 0.004460 0.084759 0.235345 0.214153 0.219792 0.131478 0.144092 0.004958 1 0.243927 0.125405 0.146196 0.061898 0.259691 0.151937 0.141555 0.061303 0.318169 0.128556 0.171473 0.199769 0.009061 0.027710 0.141455 0.133093 0.083492 0.125530 0.080407 0.017013 0.139005 0.246441 0.037551 0.119998 0.031228 0.081130 0.108699 0.031036 0.023505 0.188726 0.162278 0.015381 0.034596 0.276575 0.104774 0.023843 0.013386 0.035636 0.011093 0.128624 0.058635 0.122104 0.093441 0.183710 0.015198 0.051444 0.040466 0.129501 0.141979 0.524160 0.306360 0.570972 0.347487 0.567534 0.704437 0.278915 0.472045 0.487729 0.232008 0.243412 0.142331 0.582767 0.531101 0.019766 0.114459 0.604017 0.651874 0.498071 0.212735 0.512041 0.851020 0.257387 0.355498 0.482375 0.456801 0.554821 0.503621 0.421010 0.301377 0.367415 0.539083 0.582910 0.519096 0.823882 0.707424 0.053986 0.341025 0.581044 0.287385 0.592165 0.263720 0.437438 0.563299 0.628688 0.307477 0.788616 0.485879 0.418961 0.629561 0.226783 0.325660 0.606224 0.289140 0.478325 0.530972 0.512919 0.419292 0.565080 0.568076 0.347750 0.273215 0.375585 0.534883 0.524181 0.528346 0.536306 0.558089 0.427661 0.578663 0.331350 0.265604 0.366410 0.341220 0.298848 0.277730 0.230978 0.215222 0.388907 0.334204 0.313389 0.310792 0.165472 0.382673 0.354640 0.099985 0.123136 0.514974 0.290539 0.262504 0.333356 0.369700 0.403795 0.458828 0.237685 0.273137 0.200872 0.423599 0.087011 0.234863 0.282403 0.389139 0.230509 0.329945 0.239133 0.293592 0.388729 0.208476 0.238559 0.170534 0.260216 0.519540 0.578210 0.332553 0.256248 0.239703 0.162214 0.158267 0.434792 
0.221046 0.247020 0.159899 0.008878 0.452797 0.024425 0.113042 0.100534 0.247754 0.243927 1 0.119094 0.098328 0.183552 0.015968 0.092540 0.102998 0.183342 0.075126 0.370079 0.411783 0.438842 0.252217 0.270390 0.382445 0.374042 0.161061 0.118981 0.322957 0.258782 0.105693 0.002914 0.280477 0.124561 0.213294 0.323691 0.350476 0.213551 0.266352 0.428452 0.403019 0.258415 0.210212 0.513110 0.346762 0.220768 0.230648 0.279113 0.233438 0.116108 0.186004 0.122536 0.151395 0.060609 0.229468 0.192992 0.283432 0.115233 0.102895 0.743804 0.539205 0.789442 0.579926 0.790115 0.914399 0.515495 0.700598 0.713477 0.468059 0.477314 0.380763 0.803888 0.753557 0.260484 0.355258 0.820945 0.867314 0.720270 0.449846 0.736468 1.052884 0.494807 0.587474 0.707400 0.684243 0.775533 0.727366 0.649239 0.535954 0.598964 0.760678 0.800568 0.741876 1.027485 0.918604 0.293355 0.570523 0.802052 0.524398 0.813102 0.500263 0.664443 0.783756 0.844445 0.542032 0.993498 0.711839 0.651217 0.851663 0.463888 0.561212 0.829460 0.525755 0.708102 0.758086 0.741192 0.651847 0.790459 0.794163 0.582828 0.509767 0.606828 0.761697 0.751288 0.755139 0.763022 0.783184 0.659336 0.803245 0.566674 0.503329 0.600975 0.576655 0.535589 0.515166 0.469752 0.454276 0.622859 0.570023 0.549910 0.547416 0.405321 0.616774 0.589608 0.340739 0.363301 0.743831 0.527680 0.500275 0.569090 0.604013 0.637079 0.689587 0.476181 0.511035 0.440141 0.656075 0.326854 0.472671 0.519339 0.622975 0.469211 0.566052 0.477760 0.530550 0.622716 0.447602 0.477152 0.410059 0.498152 0.738613 0.793955 0.563450 0.490279 0.474430 0.398561 0.394719 0.659793 
0.102443 0.128517 0.041176 0.110501 0.337029 0.094818 0.007002 0.019402 0.129246 0.125405 0.119094 1 0.021060 0.065179 0.134950 0.026700 0.016435 0.064553 0.193879 0.252859 0.295204 0.322839 0.133783 0.152140 0.265478 0.256998 0.042257 0.002177 0.205172 0.140468 0.014603 0.121619 0.162257 0.006435 0.094580 0.205902 0.233035 0.094845 0.148007 0.312170 0.286261 0.140007 0.091625 0.398486 0.229262 0.102139 0.112054 0.160861 0.114829 0.006405 0.067238 0.005786 0.033058 0.058558 0.110842 0.074198 0.165253 0.006929 0.017967 0.637127 0.426005 0.683555 0.467208 0.682671 0.812769 0.400870 0.590237 0.604258 0.353191 0.363183 0.264344 0.697115 0.645884 0.142264 0.238108 0.715889 0.763164 0.612439 0.334456 0.627933 0.955396 0.379755 0.475008 0.598395 0.574182 0.668700 0.619004 0.538617 0.422166 0.486752 0.653390 0.695101 0.633986 0.929146 0.816523 0.175702 0.458760 0.695288 0.409739 0.706452 0.385514 0.554366 0.677094 0.740035 0.428305 0.894429 0.602526 0.539122 0.744758 0.348787 0.447322 0.721993 0.411221 0.597330 0.648679 0.631209 0.539647 0.681884 0.685317 0.469241 0.395196 0.494930 0.652403 0.641846 0.645867 0.653805 0.674742 0.547534 0.695094 0.452897 0.388185 0.487638 0.462834 0.421023 0.400229 0.354020 0.338337 0.509889 0.456024 0.435537 0.432985 0.288783 0.503721 0.476069 0.223345 0.246281 0.633561 0.412927 0.385111 0.455098 0.490779 0.524440 0.578260 0.360586 0.395874 0.324028 0.543884 0.209538 0.357326 0.404626 0.510065 0.353504 0.451917 0.362130 0.415869 0.509727 0.331582 0.361531 0.293633 0.382915 0.632120 0.689170 0.451123 0.376240 0.360016 0.282869 0.278964 0.550425 
0.123324 0.149365 0.061718 0.089722 0.357553 0.073980 0.015410 0.007562 0.150045 0.146196 0.098328 0.021060 1 0.085505 0.114150 0.006031 0.004848 0.085233 0.173219 0.273560 0.315843 0.343409 0.154616 0.173004 0.286161 0.277708 0.062890 0.021354 0.225926 0.161364 0.007727 0.100876 0.183091 0.026916 0.115489 0.226662 0.253768 0.115725 0.168849 0.332766 0.306895 0.160841 0.112245 0.418839 0.250008 0.123050 0.132846 0.181615 0.135660 0.017939 0.087896 0.024323 0.053260 0.037866 0.131735 0.095124 0.186092 0.017046 0.006048 0.656270 0.446209 0.702531 0.487308 0.701831 0.830997 0.421201 0.609874 0.623770 0.373663 0.383607 0.285074 0.716167 0.665141 0.163175 0.258876 0.734718 0.781822 0.631754 0.355020 0.647310 0.972894 0.400162 0.495054 0.617878 0.593814 0.687817 0.638379 0.558372 0.442423 0.506758 0.672584 0.714003 0.653283 0.946790 0.834814 0.196626 0.478756 0.714362 0.429998 0.725481 0.405926 0.574049 0.696172 0.758751 0.448560 0.912217 0.622044 0.558773 0.763619 0.368714 0.467243 0.740910 0.431205 0.616805 0.667907 0.650574 0.559375 0.701014 0.704516 0.489150 0.415128 0.514309 0.671632 0.661035 0.665026 0.672984 0.693744 0.567135 0.714109 0.472793 0.408320 0.507522 0.482792 0.441082 0.420368 0.374262 0.358604 0.529785 0.476036 0.455626 0.453071 0.309069 0.523600 0.495989 0.243747 0.266611 0.653014 0.433035 0.405249 0.475073 0.510627 0.544239 0.597857 0.380782 0.416085 0.344288 0.563603 0.229868 0.377392 0.424664 0.529923 0.373726 0.471980 0.382359 0.435942 0.529597 0.351819 0.381749 0.313878 0.403067 0.651224 0.707981 0.471201 0.396606 0.380442 0.303533 0.299635 0.570006 
0.040633 0.065445 0.024233 0.174955 0.275028 0.159244 0.071316 0.084229 0.065718 0.061898 0.183552 0.065179 0.085505 1 0.199270 0.091385 0.080910 0.005891 0.258131 0.189942 0.232737 0.260786 0.070705 0.089375 0.202805 0.194442 0.023239 0.065643 0.141937 0.078064 0.078091 0.186094 0.099150 0.060308 0.032887 0.142687 0.170074 0.032754 0.084888 0.249856 0.223511 0.076807 0.027457 0.337031 0.166289 0.040339 0.048661 0.097154 0.051632 0.067753 0.005900 0.061398 0.032522 0.123299 0.048399 0.016171 0.102250 0.068553 0.080925 0.580906 0.366086 0.627394 0.407150 0.624813 0.758782 0.339281 0.530696 0.545889 0.292444 0.303525 0.203175 0.639708 0.588467 0.080267 0.175881 0.660084 0.707584 0.555389 0.273472 0.569824 0.903404 0.317994 0.415020 0.540319 0.515278 0.611783 0.561273 0.479720 0.361468 0.426870 0.596231 0.639149 0.576520 0.876687 0.762067 0.114610 0.400013 0.638024 0.347618 0.649063 0.324282 0.495901 0.620185 0.684493 0.367635 0.841765 0.544051 0.477358 0.685981 0.285081 0.384655 0.662759 0.348128 0.536370 0.588352 0.570724 0.478033 0.622205 0.625472 0.406816 0.331937 0.432703 0.592260 0.581370 0.585475 0.593527 0.614735 0.485928 0.635443 0.390248 0.324983 0.425384 0.400340 0.358129 0.337240 0.290607 0.274826 0.448068 0.393526 0.372938 0.370309 0.224796 0.441740 0.413727 0.159020 0.182073 0.573040 0.350003 0.321899 0.392489 0.428527 0.462629 0.517168 0.297152 0.332901 0.260334 0.482241 0.145168 0.293757 0.341531 0.448162 0.290052 0.389467 0.298764 0.352903 0.447772 0.267894 0.298136 0.229639 0.319676 0.576088 0.633979 0.391855 0.316240 0.299836 0.222614 0.218677 0.492724 
0.236869 0.262793 0.175694 0.024697 0.468213 0.040216 0.128923 0.116457 0.263503 0.259691 0.015968 0.134950 0.114150 0.199270 1 0.108392 0.118828 0.199120 0.059367 0.385678 0.427312 0.454298 0.267991 0.286147 0.398021 0.389633 0.176862 0.134853 0.338626 0.274560 0.121472 0.013513 0.296207 0.140450 0.229100 0.339361 0.366099 0.229339 0.282093 0.443940 0.418554 0.274164 0.225968 0.528371 0.362402 0.236579 0.246422 0.294829 0.249208 0.131910 0.201780 0.138356 0.167174 0.076506 0.245268 0.208823 0.299172 0.131016 0.118648 0.758091 0.554330 0.803589 0.594962 0.804398 0.927973 0.530740 0.715262 0.728038 0.483407 0.492638 0.396327 0.818091 0.767919 0.276270 0.370886 0.834976 0.881201 0.734696 0.465271 0.750930 1.065887 0.510119 0.602471 0.721940 0.698908 0.789792 0.741822 0.664005 0.551126 0.613928 0.774991 0.814662 0.756268 1.040602 0.932221 0.309109 0.585502 0.816264 0.539612 0.827284 0.515563 0.679147 0.797986 0.858383 0.557203 1.006730 0.726406 0.666004 0.865780 0.479074 0.576255 0.843638 0.540872 0.722720 0.772518 0.755712 0.666672 0.804799 0.808526 0.597834 0.524890 0.621564 0.776126 0.765718 0.769548 0.777427 0.797473 0.674086 0.817509 0.581691 0.518535 0.615937 0.591681 0.550716 0.530352 0.485046 0.469595 0.637791 0.585085 0.565033 0.562543 0.420724 0.631711 0.604604 0.356267 0.378768 0.758386 0.542841 0.515486 0.584140 0.618958 0.651954 0.704288 0.491451 0.526262 0.455481 0.670885 0.342365 0.487895 0.534482 0.637890 0.484501 0.581144 0.493042 0.545695 0.637641 0.462929 0.492428 0.425437 0.513378 0.752884 0.807990 0.578477 0.505542 0.489741 0.414074 0.410240 0.674431 
0.128994 0.155083 0.067524 0.083918 0.363126 0.068213 0.020764 0.009751 0.155798 0.151937 0.092540 0.026700 0.006031 0.091385 0.108392 1 0.010521 0.091039 0.167458 0.279217 0.321451 0.348985 0.160319 0.178683 0.291795 0.283334 0.068688 0.026812 0.231618 0.167030 0.013607 0.095091 0.188798 0.032328 0.121196 0.232354 0.259440 0.121460 0.174570 0.338361 0.312533 0.166569 0.118042 0.424360 0.255675 0.128735 0.138589 0.187356 0.141405 0.023774 0.093713 0.030111 0.059082 0.031995 0.137436 0.100810 0.191779 0.022951 0.011481 0.661325 0.451606 0.707576 0.492707 0.707021 0.835841 0.426740 0.615218 0.629006 0.379138 0.388977 0.290612 0.721315 0.670294 0.168803 0.264485 0.739728 0.786807 0.636878 0.360512 0.652521 0.977552 0.405713 0.500446 0.623097 0.599100 0.692923 0.643564 0.563660 0.447880 0.512137 0.677717 0.719025 0.658446 0.951489 0.839696 0.202183 0.484042 0.719499 0.435584 0.730629 0.411431 0.579301 0.701276 0.763734 0.454008 0.916936 0.627291 0.564335 0.768902 0.374462 0.472883 0.746239 0.436890 0.622290 0.673333 0.656012 0.564913 0.706379 0.709898 0.494766 0.420827 0.519928 0.677039 0.666481 0.670462 0.678408 0.699151 0.572681 0.719477 0.478436 0.414016 0.513129 0.488423 0.446750 0.426043 0.379977 0.364332 0.535344 0.481662 0.461255 0.458709 0.314834 0.529174 0.501600 0.249545 0.272405 0.658458 0.438701 0.410945 0.480713 0.516234 0.549802 0.603353 0.386499 0.421753 0.350032 0.569151 0.235679 0.383123 0.430349 0.535494 0.379440 0.477595 0.388066 0.441615 0.535172 0.357559 0.387462 0.319648 0.408760 0.656263 0.712942 0.476539 0.402019 0.385873 0.308992 0.305098 0.575198 
0.118662 0.144722 0.057070 0.094385 0.353014 0.078654 0.010985 0.007338 0.145407 0.141555 0.102998 0.016435 0.004848 0.080910 0.118828 0.010521 1 0.080576 0.177876 0.268966 0.311271 0.338860 0.149972 0.168362 0.281576 0.273110 0.058242 0.016808 0.221308 0.156719 0.003784 0.105541 0.178455 0.022244 0.110823 0.222046 0.249164 0.111067 0.164212 0.328207 0.302322 0.156203 0.107611 0.414351 0.245403 0.118386 0.128200 0.176988 0.131010 0.013420 0.083264 0.019719 0.048640 0.042491 0.127076 0.090449 0.181453 0.012527 0.004508 0.652083 0.441764 0.698379 0.482890 0.697635 0.827014 0.416716 0.605568 0.619494 0.369149 0.379109 0.280496 0.711995 0.660923 0.158513 0.254274 0.730601 0.777745 0.627522 0.350483 0.643062 0.969078 0.395660 0.490647 0.613608 0.589506 0.683632 0.634133 0.554035 0.437962 0.502362 0.668382 0.709868 0.649058 0.942940 0.830818 0.191985 0.474358 0.710189 0.425526 0.721317 0.401429 0.569733 0.691995 0.754660 0.444102 0.908335 0.617766 0.554423 0.759473 0.364247 0.462816 0.736748 0.426751 0.612506 0.663667 0.646306 0.555013 0.696800 0.700292 0.484733 0.410679 0.509990 0.667391 0.656800 0.660799 0.668755 0.689553 0.562795 0.709921 0.468372 0.403829 0.503111 0.478360 0.436618 0.415886 0.369744 0.354076 0.525380 0.471593 0.451160 0.448606 0.304514 0.519194 0.491568 0.239145 0.262030 0.648727 0.428560 0.400758 0.470633 0.506219 0.539854 0.593524 0.376271 0.411586 0.339753 0.559239 0.225267 0.372896 0.420195 0.525527 0.369205 0.467525 0.377844 0.431472 0.525196 0.347286 0.377237 0.309327 0.398568 0.647041 0.703866 0.466788 0.392122 0.375942 0.298974 0.295074 0.565710 
0.039155 0.064628 0.023706 0.174749 0.274428 0.159067 0.070759 0.083549 0.065120 0.061303 0.183342 0.064553 0.085233 0.005891 0.199120 0.091039 0.080576 1 0.257909 0.189433 0.232166 0.260161 0.069944 0.088507 0.202244 0.193798 0.022464 0.064836 0.141438 0.077001 0.077936 0.185865 0.098451 0.059393 0.031069 0.142179 0.169528 0.031128 0.084148 0.249285 0.223031 0.076079 0.027324 0.336444 0.165737 0.038722 0.047945 0.096774 0.050762 0.067589 0.003409 0.061123 0.032449 0.122960 0.047151 0.012191 0.101518 0.068412 0.080910 0.579895 0.365175 0.626510 0.406382 0.624263 0.757938 0.338755 0.530213 0.545168 0.291514 0.302329 0.202091 0.639123 0.587695 0.079023 0.175063 0.659229 0.706817 0.554462 0.272524 0.569149 0.902633 0.317449 0.414282 0.539535 0.514606 0.610995 0.560486 0.478930 0.360743 0.426140 0.595443 0.638274 0.575728 0.875923 0.761303 0.113190 0.398957 0.637376 0.347338 0.648494 0.323568 0.495052 0.619429 0.683661 0.366906 0.840931 0.543357 0.477576 0.686019 0.285702 0.384902 0.662888 0.348452 0.536497 0.588526 0.570809 0.478123 0.622266 0.625509 0.406992 0.332384 0.433385 0.592372 0.581637 0.585746 0.593736 0.615038 0.486143 0.635610 0.390513 0.325178 0.425520 0.400480 0.358298 0.337357 0.290758 0.274982 0.448043 0.393611 0.372973 0.370376 0.225105 0.441788 0.413856 0.159316 0.182410 0.573037 0.350131 0.322092 0.392650 0.428699 0.462703 0.517209 0.297359 0.332935 0.260561 0.482342 0.145568 0.294153 0.341790 0.448204 0.290236 0.389480 0.298914 0.353082 0.447821 0.268141 0.298308 0.229990 0.319859 0.575058 0.632966 0.390873 0.315194 0.298781 0.221331 0.217394 0.491742 
0.295428 0.321204 0.234616 0.083866 0.524829 0.099463 0.187915 0.175378 0.321926 0.318169 0.075126 0.193879 0.173219 0.258131 0.059367 0.167458 0.177876 0.257909 1 0.443194 0.484424 0.511059 0.326391 0.344356 0.455382 0.447027 0.235755 0.193704 0.396528 0.332814 0.180548 0.072505 0.354370 0.199322 0.287641 0.397257 0.423740 0.287870 0.340340 0.500874 0.475781 0.332477 0.284699 0.584322 0.420090 0.295080 0.304966 0.353097 0.307689 0.191001 0.260586 0.197410 0.226159 0.135578 0.303755 0.267463 0.357326 0.190086 0.177785 0.809932 0.609517 0.854994 0.649856 0.856530 0.977269 0.586689 0.768889 0.781097 0.539503 0.548406 0.453312 0.869903 0.820202 0.334469 0.428327 0.885954 0.931680 0.787130 0.521656 0.803654 1.113085 0.566313 0.657248 0.774902 0.752425 0.841670 0.794462 0.717833 0.606616 0.668569 0.827083 0.865873 0.808662 1.088230 0.981710 0.366911 0.640015 0.868050 0.595628 0.879017 0.571564 0.732681 0.849778 0.909018 0.612659 1.054739 0.779516 0.720780 0.917748 0.535906 0.632082 0.895938 0.597108 0.776726 0.825849 0.809281 0.721436 0.857654 0.861431 0.653426 0.581270 0.676711 0.829386 0.819138 0.822897 0.830688 0.850403 0.728719 0.870187 0.637446 0.575003 0.671330 0.647345 0.606829 0.586649 0.541831 0.526505 0.692885 0.640818 0.620967 0.618529 0.478126 0.686900 0.660115 0.414200 0.436489 0.811996 0.599039 0.571966 0.639920 0.674329 0.706928 0.758541 0.548193 0.582633 0.512548 0.725618 0.400340 0.544653 0.590757 0.692986 0.541304 0.636925 0.549769 0.601880 0.692779 0.519958 0.549160 0.482797 0.569906 0.804684 0.858908 0.633223 0.561208 0.545606 0.470684 0.466891 0.727662 
0.151474 0.125211 0.212797 0.361633 0.086384 0.346299 0.258922 0.271281 0.124627 0.128556 0.370079 0.252859 0.273560 0.189942 0.385678 0.279217 0.268966 0.189433 0.443194 1 0.043219 0.071937 0.120051 0.101435 0.013230 0.007169 0.211497 0.252860 0.048236 0.113182 0.266494 0.372523 0.091337 0.247425 0.158992 0.047535 0.020176 0.158752 0.105663 0.060595 0.033875 0.113677 0.162888 0.149302 0.023916 0.151477 0.141849 0.093207 0.138934 0.256288 0.186855 0.249789 0.221449 0.310572 0.142859 0.179323 0.088369 0.257112 0.269509 0.404832 0.181623 0.451642 0.221993 0.445611 0.588942 0.151620 0.347470 0.364635 0.106680 0.120760 0.026897 0.461584 0.409619 0.111581 0.017511 0.485226 0.533397 0.377421 0.087204 0.389561 0.739079 0.129796 0.230182 0.359883 0.333062 0.434202 0.381681 0.297296 0.175126 0.242172 0.418048 0.463935 0.397562 0.711117 0.591111 0.079672 0.218499 0.459858 0.160175 0.470993 0.136660 0.314331 0.442734 0.510265 0.181112 0.675372 0.362682 0.295411 0.509261 0.109525 0.201974 0.485744 0.166116 0.355007 0.408955 0.389979 0.294925 0.443548 0.445670 0.223408 0.151805 0.256457 0.412921 0.402784 0.407056 0.414690 0.437701 0.304322 0.457778 0.207678 0.141864 0.241889 0.216637 0.174563 0.153142 0.107561 0.092537 0.263601 0.209219 0.188058 0.185593 0.051153 0.257721 0.230043 0.045073 0.037084 0.391277 0.165887 0.138837 0.208944 0.245612 0.279260 0.334986 0.114715 0.147905 0.080152 0.299336 0.057244 0.114467 0.159101 0.264195 0.107552 0.204453 0.115419 0.169422 0.263799 0.087460 0.115089 0.056391 0.136447 0.400815 0.460729 0.208902 0.132365 0.115861 0.046459 0.043486 0.313373 
0.194181 0.168085 0.255413 0.403385 0.043575 0.388168 0.301222 0.313466 0.167577 0.171473 0.411783 0.295204 0.315843 0.232737 0.427312 0.321451 0.311271 0.232166 0.484424 0.043219 1 0.029090 0.162912 0.144268 0.030134 0.038754 0.254103 0.295165 0.091350 0.155935 0.308845 0.414206 0.134301 0.289749 0.201718 0.090651 0.063196 0.201509 0.148604 0.017507 0.010234 0.156610 0.205740 0.106440 0.066988 0.194193 0.184713 0.136273 0.181806 0.298695 0.229607 0.292207 0.264040 0.352605 0.185642 0.221959 0.131286 0.299518 0.311868 0.364318 0.139890 0.410997 0.179615 0.404112 0.549385 0.108896 0.305249 0.322777 0.065719 0.081390 0.038197 0.420297 0.368267 0.154224 0.057974 0.444690 0.492881 0.336455 0.046759 0.347897 0.700526 0.086925 0.187864 0.318302 0.291067 0.393094 0.340240 0.255372 0.132613 0.199817 0.376861 0.423376 0.356247 0.672315 0.551256 0.121558 0.177536 0.418546 0.117914 0.429706 0.093880 0.272601 0.401629 0.469798 0.138436 0.636438 0.320815 0.255217 0.469040 0.080887 0.162824 0.445657 0.128441 0.314324 0.368603 0.349201 0.254086 0.403109 0.404861 0.183442 0.115982 0.219540 0.372490 0.362880 0.367141 0.374535 0.398085 0.264106 0.417687 0.168521 0.104442 0.201633 0.176689 0.135630 0.114451 0.072444 0.059981 0.222423 0.169034 0.147821 0.145549 0.044962 0.216901 0.189854 0.083735 0.066661 0.350151 0.126805 0.101602 0.169252 0.205614 0.238523 0.294116 0.079604 0.108726 0.052593 0.258634 0.097397 0.082178 0.121450 0.223316 0.072979 0.163842 0.079355 0.130749 0.222982 0.058001 0.079360 0.047203 0.099161 0.360565 0.420765 0.167510 0.091910 0.075961 0.035496 0.036474 0.272378 
0.222331 0.196332 0.283320 0.430503 0.014776 0.415362 0.328856 0.341013 0.195838 0.199769 0.438842 0.322839 0.343409 0.260786 0.454298 0.348985 0.338860 0.260161 0.511059 0.071937 0.029090 1 0.191215 0.172536 0.058808 0.067037 0.281998 0.322771 0.119906 0.184139 0.336465 0.441238 0.162613 0.317405 0.229757 0.119231 0.091648 0.229538 0.176860 0.011877 0.038800 0.184871 0.233929 0.077627 0.095626 0.222282 0.212941 0.164743 0.209982 0.326393 0.257639 0.319924 0.291935 0.379963 0.213792 0.249935 0.159659 0.327194 0.339502 0.336047 0.111086 0.382794 0.150646 0.375976 0.521911 0.080203 0.276851 0.294162 0.038239 0.055856 0.061921 0.392209 0.339830 0.182393 0.085988 0.416598 0.464938 0.308079 0.022079 0.319488 0.673852 0.058260 0.158919 0.289671 0.262422 0.364807 0.311703 0.226617 0.103585 0.170900 0.348425 0.395226 0.327730 0.645483 0.523772 0.149369 0.149201 0.390311 0.090598 0.401641 0.064852 0.243869 0.373399 0.441778 0.109458 0.609398 0.292195 0.229926 0.443043 0.072764 0.139474 0.419886 0.107195 0.288275 0.342802 0.322981 0.228174 0.377099 0.378408 0.158888 0.097451 0.197920 0.346590 0.337604 0.341845 0.348949 0.372964 0.238753 0.392000 0.144924 0.084133 0.176461 0.152006 0.112620 0.092153 0.057434 0.050108 0.196091 0.144194 0.123170 0.121145 0.062003 0.191040 0.164893 0.111508 0.092853 0.323455 0.103826 0.081672 0.144998 0.180756 0.212688 0.267902 0.063888 0.086053 0.050677 0.232748 0.125259 0.069751 0.100359 0.197334 0.058721 0.138585 0.062421 0.108191 0.197098 0.052660 0.062853 0.061762 0.079394 0.332429 0.392784 0.138859 0.064364 0.049378 0.049853 0.052758 0.243890 
0.031624 0.005751 0.093302 0.243637 0.205640 0.228128 0.139813 0.152352 0.006980 0.009061 0.252217 0.133783 0.154616 0.070705 0.267991 0.160319 0.149972 0.069944 0.326391 0.120051 0.162912 0.191215 1 0.018979 0.132907 0.124528 0.092017 0.133861 0.071952 0.008501 0.147481 0.254729 0.029160 0.128301 0.039478 0.072666 0.100231 0.039431 0.015541 0.180179 0.153788 0.007977 0.043383 0.268099 0.096256 0.031845 0.022081 0.027583 0.019603 0.137094 0.067289 0.130552 0.102000 0.192033 0.023145 0.059738 0.031853 0.137992 0.150473 0.515948 0.297863 0.562841 0.339028 0.559413 0.696565 0.270490 0.463789 0.479433 0.223436 0.234737 0.133700 0.574669 0.522887 0.011424 0.105823 0.595931 0.643858 0.489812 0.204101 0.503810 0.843416 0.248917 0.347062 0.474099 0.448490 0.546642 0.495375 0.412633 0.292889 0.358981 0.530891 0.574792 0.510874 0.816224 0.699539 0.045235 0.332543 0.572917 0.279082 0.584080 0.255184 0.429071 0.555141 0.620640 0.298963 0.780888 0.477593 0.411111 0.621830 0.219280 0.317785 0.598524 0.281335 0.470455 0.523189 0.505046 0.411325 0.557280 0.560230 0.339817 0.265503 0.368120 0.527077 0.516472 0.520635 0.528559 0.550460 0.419822 0.570953 0.323500 0.257736 0.358487 0.333299 0.290953 0.269794 0.223094 0.207376 0.380871 0.326230 0.305367 0.302785 0.157820 0.374682 0.346700 0.092698 0.115768 0.507048 0.282597 0.254637 0.325449 0.361817 0.395844 0.450907 0.229846 0.265128 0.193107 0.415675 0.080153 0.227198 0.274580 0.381154 0.222650 0.321904 0.231230 0.285699 0.380746 0.200710 0.230680 0.162950 0.252328 0.511348 0.570116 0.324076 0.247686 0.231131 0.153559 0.149610 0.426463 
0.050197 0.024007 0.111898 0.261848 0.186978 0.246367 0.158216 0.170674 0.023980 0.027710 0.270390 0.152140 0.173004 0.089375 0.286147 0.178683 0.168362 0.088507 0.344356 0.101435 0.144268 0.172536 0.018979 1 0.114255 0.105794 0.110583 0.152159 0.053444 0.011844 0.165915 0.272876 0.010723 0.146644 0.057773 0.054143 0.081555 0.057651 0.006176 0.161535 0.135198 0.012990 0.062189 0.249518 0.077620 0.050176 0.040831 0.011484 0.037879 0.155592 0.085926 0.149047 0.120630 0.210309 0.041528 0.078143 0.013219 0.156463 0.168952 0.498096 0.279273 0.545110 0.320522 0.541615 0.679432 0.251930 0.445670 0.461336 0.204683 0.216081 0.114792 0.556947 0.504962 0.011035 0.086968 0.578314 0.626373 0.471857 0.185306 0.485834 0.826878 0.230327 0.328602 0.456001 0.430328 0.528834 0.477359 0.394370 0.274305 0.340553 0.513001 0.557128 0.492904 0.799572 0.682371 0.027005 0.314138 0.555143 0.260724 0.566372 0.236519 0.410838 0.537370 0.603104 0.280394 0.764106 0.459493 0.393513 0.604652 0.202336 0.300154 0.581361 0.263764 0.452866 0.505826 0.487506 0.393577 0.539931 0.542738 0.322079 0.248177 0.351301 0.509691 0.499238 0.503428 0.511273 0.533386 0.402258 0.553747 0.305862 0.239959 0.340681 0.315467 0.273139 0.251900 0.205272 0.189569 0.362899 0.308327 0.287398 0.284847 0.140492 0.356797 0.328887 0.076193 0.098931 0.489332 0.264723 0.236867 0.307647 0.344087 0.378028 0.433185 0.212110 0.247120 0.175472 0.397916 0.064565 0.209823 0.256918 0.363262 0.204899 0.303913 0.213402 0.267902 0.362858 0.183098 0.212882 0.145686 0.234555 0.493550 0.552521 0.305574 0.229000 0.212403 0.134747 0.130799 0.408310 
