
---	Treino para o 0-fold	---
Max epochs   100000. Desired error: 0.0010000000.
Epochs            1. Current error: 0.2260231078. Bit fail 1934.
Epochs           28. Current error: 0.0009533589. Bit fail 2.

---	Treino para o 1-fold	---
Max epochs   100000. Desired error: 0.0010000000.
Epochs            1. Current error: 0.0007269412. Bit fail 0.

---	Treino para o 2-fold	---
Max epochs   100000. Desired error: 0.0010000000.
Epochs            1. Current error: 0.0006824430. Bit fail 1.

---	Treino para o 3-fold	---
Max epochs   100000. Desired error: 0.0010000000.
Epochs            1. Current error: 0.0004163557. Bit fail 0.

---	Treino para o 4-fold	---
Max epochs   100000. Desired error: 0.0010000000.
Epochs            1. Current error: 0.0002591508. Bit fail 0.

---	Treino para o 5-fold	---
Max epochs   100000. Desired error: 0.0010000000.
Epochs            1. Current error: 0.0001342574. Bit fail 0.

---	Treino para o 6-fold	---
Max epochs   100000. Desired error: 0.0010000000.
Epochs            1. Current error: 0.0004656080. Bit fail 0.

---	Treino para o 7-fold	---
Max epochs   100000. Desired error: 0.0010000000.
Epochs            1. Current error: 0.0003613795. Bit fail 0.

---	Treino para o 8-fold	---
Max epochs   100000. Desired error: 0.0010000000.
Epochs            1. Current error: 0.0001526345. Bit fail 0.

---	Treino para o 9-fold	---
Max epochs   100000. Desired error: 0.0010000000.
Epochs            1. Current error: 0.0001079767. Bit fail 0.



>>>	ACURACIA: 0.010237
>>>	Hidden neurons: 12

1 0.037628 0.075893 0.236057 0.299538 0.220529 0.132295 0.143430 0.039102 0.034531 0.245923 0.126469 0.147801 0.053732 0.260127 0.150669 0.137959 0.045498 0.315386 0.189819 0.249444 0.273936 0.041673 0.059968 0.200949 0.194769 0.078515 0.127691 0.127591 0.046506 0.135747 0.248831 0.071329 0.115072 0.019670 0.127449 0.160496 0.028158 0.056024 0.271599 0.236746 0.049863 0.024921 0.376981 0.157348 0.012560 0.022807 0.074674 0.021255 0.123098 0.052337 0.120214 0.080789 0.184980 0.011021 0.036889 0.076939 0.125364 0.136468 0.633799 0.386191 0.726269 0.451471 0.781177 0.912833 0.379129 0.645418 0.637368 0.298154 0.317873 0.179727 0.797497 0.691513 0.052892 0.161224 0.773919 0.850447 0.636976 0.284841 0.695094 1.114262 0.347040 0.457349 0.619003 0.608214 0.729622 0.651478 0.545127 0.390715 0.471780 0.688041 0.735780 0.660465 1.082871 0.939819 0.093404 0.435303 0.777618 0.404250 0.812034 0.350022 0.555524 0.748219 0.806790 0.402526 1.018045 0.636230 0.599445 0.938797 0.334775 0.477659 0.904073 0.417815 0.694020 0.782979 0.748505 0.598827 0.849492 0.816772 0.492889 0.400209 0.590336 0.800219 0.778069 0.787232 0.795741 0.838553 0.623893 0.863660 0.467820 0.382008 0.521263 0.480778 0.423438 0.382200 0.320647 0.296324 0.545066 0.462351 0.440170 0.433070 0.233800 0.538945 0.497886 0.150430 0.179195 0.722616 0.401408 0.365930 0.478654 0.542028 0.583830 0.673638 0.333010 0.379961 0.280297 0.598255 0.132478 0.337662 0.397969 0.544659 0.325180 0.464571 0.335615 0.408128 0.541354 0.298070 0.329881 0.245133 0.372245 0.629296 0.696550 0.408761 0.313777 0.296370 0.199513 0.194979 0.537604 
0.037628 1 0.101591 0.265080 0.274353 0.249280 0.158118 0.172678 0.003153 0.004013 0.274396 0.152127 0.173269 0.072105 0.288447 0.179179 0.167451 0.074793 0.344544 0.163754 0.224856 0.247021 0.009086 0.026467 0.172719 0.170606 0.101457 0.153178 0.100361 0.011764 0.163166 0.277464 0.041939 0.146121 0.043385 0.099017 0.133379 0.042880 0.022449 0.246924 0.211226 0.013073 0.039530 0.350765 0.130149 0.034444 0.017769 0.044781 0.017899 0.151155 0.071847 0.145679 0.108588 0.213857 0.026833 0.067126 0.053470 0.152220 0.164395 0.608154 0.359696 0.702072 0.425135 0.756971 0.889950 0.352595 0.619771 0.611733 0.271866 0.295396 0.151931 0.773489 0.666727 0.048603 0.133431 0.749844 0.826494 0.612755 0.260915 0.670986 1.091997 0.319375 0.430318 0.593590 0.583026 0.705453 0.626489 0.519457 0.363369 0.444413 0.662762 0.711204 0.635002 1.060477 0.916932 0.083442 0.411510 0.753139 0.377305 0.788001 0.323128 0.529599 0.724223 0.782607 0.375386 0.995400 0.610593 0.573620 0.915689 0.307323 0.452340 0.880617 0.391643 0.669099 0.758600 0.723921 0.573071 0.826465 0.792253 0.466277 0.373522 0.566658 0.776831 0.753794 0.762887 0.771468 0.814640 0.598907 0.840024 0.440731 0.356717 0.495829 0.454854 0.397567 0.354448 0.293114 0.268147 0.519702 0.435635 0.414299 0.406603 0.204811 0.513407 0.471730 0.124123 0.151269 0.697508 0.374241 0.338899 0.453739 0.518052 0.559504 0.650064 0.306183 0.353631 0.252743 0.572804 0.104673 0.311425 0.371262 0.518776 0.298791 0.439078 0.309040 0.381300 0.515422 0.272400 0.302199 0.218554 0.346947 0.604329 0.671726 0.382240 0.286752 0.269963 0.174878 0.170306 0.512430 
0.075893 0.101591 1 0.163990 0.373170 0.148053 0.057212 0.071825 0.103489 0.099990 0.173326 0.051136 0.072484 0.032127 0.187391 0.077851 0.066723 0.031607 0.243831 0.263468 0.323534 0.346867 0.109031 0.127805 0.273299 0.269114 0.008696 0.052325 0.200564 0.112882 0.061653 0.176391 0.142513 0.048312 0.059915 0.199711 0.233627 0.058916 0.123847 0.345576 0.310530 0.114122 0.062158 0.449710 0.230439 0.069996 0.084519 0.145601 0.085770 0.049788 0.031183 0.044773 0.009877 0.112615 0.082492 0.039388 0.150997 0.050717 0.062931 0.704556 0.458833 0.796403 0.523619 0.850466 0.980796 0.451704 0.715863 0.707897 0.371426 0.392256 0.252517 0.866559 0.761732 0.128508 0.233979 0.843442 0.919028 0.708043 0.359078 0.765407 1.179726 0.419149 0.529008 0.689895 0.679206 0.799552 0.722114 0.616577 0.462738 0.543096 0.758169 0.805557 0.730859 1.148686 1.007408 0.168824 0.508505 0.846899 0.476390 0.880953 0.422608 0.626852 0.817933 0.875833 0.474543 1.084648 0.706760 0.669590 1.005576 0.406237 0.549323 0.971187 0.489519 0.763480 0.851405 0.817411 0.669071 0.917369 0.884872 0.563833 0.471804 0.661007 0.868625 0.846568 0.855607 0.864047 0.906365 0.694059 0.931222 0.538717 0.454316 0.592444 0.552129 0.495282 0.453390 0.392257 0.367543 0.616099 0.533517 0.511900 0.504565 0.304361 0.609856 0.568965 0.222015 0.249981 0.791709 0.472811 0.437559 0.550435 0.613396 0.654791 0.743668 0.404923 0.451979 0.351883 0.668659 0.202348 0.409658 0.469550 0.615542 0.397260 0.536267 0.407650 0.479600 0.612153 0.370557 0.401369 0.317104 0.444597 0.700312 0.766903 0.481244 0.386597 0.369603 0.273860 0.269311 0.609523 
0.236057 0.265080 0.163990 1 0.531746 0.016387 0.108536 0.093009 0.267053 0.263320 0.011469 0.114538 0.094681 0.195120 0.025093 0.086429 0.098877 0.192257 0.080246 0.424125 0.482441 0.506790 0.272129 0.290968 0.434614 0.428650 0.165104 0.113698 0.362365 0.276127 0.102627 0.013451 0.305319 0.121973 0.222823 0.361819 0.395159 0.222729 0.287215 0.504234 0.470261 0.277607 0.225861 0.607791 0.391930 0.232564 0.247891 0.308448 0.248978 0.114396 0.194597 0.120889 0.157252 0.051659 0.244366 0.200062 0.312486 0.113772 0.101412 0.857667 0.617156 0.946007 0.680619 0.998621 1.124364 0.610063 0.868496 0.860606 0.530904 0.548333 0.414084 1.013986 0.912476 0.285907 0.395633 0.991734 1.065432 0.859416 0.517082 0.915248 1.317827 0.578551 0.686309 0.842933 0.832086 0.948753 0.873981 0.771096 0.621335 0.700324 0.909595 0.955139 0.883071 1.287625 1.150308 0.324391 0.663567 0.995471 0.634595 1.028166 0.581541 0.781531 0.966467 1.023455 0.632713 1.225371 0.859502 0.822869 1.148058 0.565484 0.704682 1.114908 0.646656 0.913872 0.999016 0.966155 0.822267 1.061744 1.032114 0.719937 0.629566 0.811957 1.014582 0.994189 1.003059 1.011253 1.052144 0.845947 1.076056 0.695683 0.611520 0.747138 0.708028 0.652238 0.612374 0.551994 0.527920 0.770258 0.690413 0.668469 0.661702 0.465627 0.764175 0.724706 0.383156 0.411373 0.941809 0.631084 0.596298 0.705543 0.766173 0.807125 0.893049 0.564068 0.610055 0.512122 0.821817 0.364043 0.568199 0.627535 0.770271 0.556149 0.692072 0.566544 0.637500 0.766883 0.529409 0.561052 0.477154 0.601921 0.852774 0.917889 0.639216 0.546278 0.529164 0.433774 0.429307 0.764071 
0.299538 0.274353 0.373170 0.531746 1 0.516675 0.429065 0.440990 0.272540 0.275290 0.541360 0.423326 0.444252 0.345443 0.555294 0.448173 0.435690 0.344035 0.608979 0.111239 0.050664 0.032220 0.266260 0.248542 0.104300 0.105421 0.374018 0.424445 0.174565 0.263129 0.433237 0.544228 0.232865 0.412895 0.314149 0.176110 0.141861 0.316154 0.252434 0.028512 0.063636 0.262941 0.312511 0.079011 0.144955 0.304116 0.290219 0.229964 0.288792 0.420941 0.345122 0.416972 0.379025 0.481847 0.291975 0.335809 0.223743 0.422839 0.434128 0.340621 0.088435 0.436627 0.154441 0.493778 0.631201 0.081564 0.353015 0.344843 0.012562 0.034760 0.124072 0.511039 0.400815 0.249996 0.141991 0.486112 0.565348 0.344991 0.019733 0.405223 0.840442 0.055467 0.161550 0.325672 0.314971 0.440649 0.359384 0.250236 0.095454 0.176958 0.396903 0.446556 0.368390 0.807885 0.659187 0.213926 0.139387 0.489840 0.107685 0.525908 0.054361 0.260670 0.460101 0.520112 0.106958 0.740496 0.343671 0.308457 0.660353 0.055746 0.183980 0.624181 0.125245 0.405640 0.498111 0.461965 0.307432 0.568362 0.532529 0.199771 0.108168 0.301644 0.517096 0.493210 0.502523 0.511331 0.556070 0.333792 0.582281 0.175435 0.091952 0.228700 0.187787 0.130945 0.095047 0.049470 0.051060 0.252519 0.169710 0.146852 0.140292 0.088171 0.246756 0.205129 0.158964 0.134668 0.435023 0.110848 0.079233 0.185913 0.251368 0.292905 0.386256 0.053892 0.088776 0.052247 0.307101 0.180016 0.057700 0.107649 0.251882 0.048821 0.171131 0.053843 0.117251 0.248947 0.041458 0.054683 0.072697 0.082712 0.336244 0.405380 0.111167 0.024765 0.014416 0.101362 0.105864 0.241940 
0.220529 0.249280 0.148053 0.016387 0.516675 1 0.092584 0.077301 0.251229 0.247564 0.026138 0.098495 0.078682 0.179086 0.040190 0.070439 0.083068 0.176464 0.096354 0.408775 0.467331 0.491566 0.256421 0.275249 0.419202 0.413432 0.149105 0.097665 0.346852 0.260392 0.086563 0.028843 0.289635 0.106483 0.207039 0.346277 0.379672 0.206825 0.271430 0.489151 0.455043 0.261804 0.210009 0.592791 0.376473 0.216851 0.232111 0.292772 0.233200 0.098452 0.178624 0.104889 0.141350 0.035712 0.228711 0.184368 0.296965 0.097685 0.085353 0.843216 0.602111 0.931944 0.665743 0.984705 1.110933 0.595013 0.854099 0.846216 0.515714 0.533570 0.398608 1.000152 0.898298 0.270693 0.380160 0.977810 1.051699 0.845181 0.502069 0.901174 1.304948 0.563384 0.671393 0.828497 0.817675 0.934744 0.859675 0.756516 0.606266 0.685417 0.895324 0.941083 0.868717 1.274662 1.136947 0.309356 0.648929 0.981506 0.619561 1.014345 0.566441 0.766923 0.952531 1.009596 0.617712 1.212236 0.845101 0.808286 1.134647 0.550189 0.689893 1.101357 0.631630 0.899614 0.985059 0.952087 0.807718 1.048146 1.018181 0.705049 0.614478 0.797655 1.000819 0.980230 0.989126 0.997341 1.038372 0.831534 1.062391 0.680679 0.596456 0.732393 0.693143 0.637221 0.597100 0.536623 0.512449 0.755594 0.675409 0.653521 0.646680 0.450022 0.749480 0.709841 0.367514 0.395696 0.927564 0.615918 0.581059 0.690756 0.751650 0.792666 0.878907 0.548773 0.594914 0.496671 0.807247 0.348291 0.552973 0.612394 0.755533 0.540877 0.677217 0.551283 0.622370 0.752140 0.514136 0.545697 0.461702 0.586864 0.838412 0.903683 0.624230 0.531078 0.513976 0.418510 0.414030 0.749485 
0.132295 0.158118 0.057212 0.108536 0.429065 0.092584 1 0.024141 0.160119 0.156637 0.117273 0.006639 0.015715 0.087235 0.131182 0.025957 0.023982 0.087850 0.188056 0.319886 0.379610 0.402824 0.165569 0.184202 0.329479 0.325449 0.057059 0.005694 0.257177 0.169300 0.011308 0.120463 0.199268 0.033766 0.116961 0.256222 0.290202 0.115637 0.180459 0.401579 0.366737 0.170426 0.118961 0.505172 0.286934 0.126932 0.141330 0.202297 0.142739 0.015264 0.086769 0.012656 0.052373 0.058202 0.139391 0.095694 0.207795 0.010529 0.014676 0.758250 0.514339 0.849192 0.578630 0.902665 1.031622 0.507214 0.769358 0.761405 0.427420 0.447752 0.308943 0.918525 0.814753 0.184415 0.290419 0.895740 0.970612 0.761492 0.415012 0.818289 1.228585 0.474711 0.583915 0.743637 0.732942 0.852160 0.775523 0.670791 0.518071 0.597850 0.811309 0.858185 0.784253 1.197829 1.057961 0.224427 0.563458 0.899169 0.531720 0.932833 0.478198 0.681057 0.870331 0.927822 0.529736 1.134408 0.760287 0.723375 1.055919 0.461949 0.604094 1.021913 0.544756 0.816397 0.903371 0.869764 0.722821 0.968496 0.936656 0.618497 0.527125 0.714523 0.920260 0.898580 0.907516 0.915886 0.957765 0.747554 0.982331 0.593595 0.509850 0.646947 0.606963 0.550559 0.508923 0.448171 0.423542 0.670397 0.588503 0.567001 0.559713 0.360506 0.664162 0.623655 0.278672 0.306453 0.844461 0.528220 0.493211 0.605259 0.667580 0.708694 0.796637 0.460800 0.507558 0.408000 0.722539 0.258904 0.465453 0.524992 0.669914 0.453147 0.591175 0.463488 0.534967 0.666505 0.426607 0.457212 0.373376 0.500159 0.753966 0.820027 0.536591 0.442467 0.425589 0.330270 0.325739 0.663940 
0.143430 0.172678 0.071825 0.093009 0.440990 0.077301 0.024141 1 0.174625 0.170869 0.102900 0.028029 0.023539 0.103614 0.117138 0.009016 0.007961 0.099422 0.172975 0.332350 0.391343 0.415639 0.179724 0.198665 0.342905 0.337140 0.074074 0.028025 0.270176 0.183782 0.014894 0.105797 0.212840 0.030458 0.130085 0.269648 0.303093 0.130331 0.194783 0.413298 0.378902 0.185367 0.133413 0.517601 0.299895 0.139841 0.155348 0.216015 0.156345 0.022498 0.102856 0.033085 0.064578 0.041655 0.151635 0.107221 0.220054 0.024399 0.012476 0.770405 0.526883 0.860513 0.591130 0.914050 1.042246 0.519797 0.781555 0.773605 0.439860 0.458339 0.322104 0.929811 0.826452 0.194060 0.303612 0.907023 0.981871 0.772815 0.426331 0.829583 1.238947 0.487928 0.596838 0.755664 0.744848 0.863502 0.787316 0.682972 0.531132 0.610992 0.823295 0.869777 0.796334 1.208260 1.068611 0.233184 0.574547 0.910717 0.544547 0.944130 0.490993 0.693374 0.881583 0.939201 0.542712 1.144963 0.772483 0.735660 1.066748 0.475033 0.616028 1.032938 0.557152 0.828185 0.914901 0.881389 0.735076 0.979226 0.948270 0.631188 0.539819 0.725568 0.931193 0.910043 0.919037 0.927359 0.969036 0.759354 0.993448 0.606542 0.521732 0.658933 0.619219 0.562762 0.522154 0.461249 0.436945 0.682362 0.601210 0.579229 0.572277 0.374295 0.676234 0.636064 0.291360 0.319736 0.856367 0.541155 0.506048 0.616936 0.678733 0.720055 0.807587 0.473514 0.520009 0.421088 0.734576 0.272251 0.477884 0.537670 0.682173 0.465639 0.603193 0.476069 0.547714 0.678803 0.438750 0.470384 0.386015 0.512077 0.765720 0.831721 0.549172 0.455298 0.438101 0.342098 0.337595 0.675784 
0.039102 0.003153 0.103489 0.267053 0.272540 0.251229 0.160119 0.174625 1 0.005645 0.276391 0.154091 0.175237 0.073893 0.290438 0.181092 0.169315 0.076480 0.346553 0.161912 0.223067 0.245232 0.008675 0.024934 0.170931 0.168777 0.103390 0.155153 0.098499 0.010874 0.165072 0.279451 0.040027 0.147957 0.045144 0.097195 0.131475 0.044683 0.020465 0.245123 0.209404 0.011602 0.041371 0.348986 0.128318 0.036235 0.019605 0.042906 0.019339 0.153066 0.073745 0.147648 0.110428 0.215792 0.028189 0.068911 0.051708 0.154121 0.166281 0.606462 0.357898 0.700407 0.423382 0.755329 0.888363 0.350787 0.618083 0.610063 0.270039 0.293677 0.150086 0.771861 0.665067 0.047729 0.131613 0.748206 0.824884 0.611079 0.259120 0.669330 1.090488 0.317594 0.428571 0.591888 0.581331 0.703812 0.624804 0.517755 0.361601 0.442686 0.661086 0.709560 0.633315 1.058958 0.915361 0.081992 0.409769 0.751499 0.375505 0.786372 0.321358 0.527896 0.722591 0.780982 0.373652 0.993865 0.608914 0.571769 0.914034 0.305277 0.450433 0.878936 0.389666 0.667308 0.756865 0.722175 0.571252 0.824773 0.790518 0.464381 0.371553 0.564817 0.775113 0.752047 0.761158 0.769740 0.812921 0.597078 0.838325 0.438799 0.354677 0.493910 0.452907 0.395569 0.352422 0.291028 0.266024 0.517816 0.433678 0.412342 0.404641 0.202620 0.511511 0.469799 0.121720 0.148909 0.695708 0.372241 0.336849 0.451789 0.516146 0.557637 0.648249 0.304096 0.351616 0.250591 0.570931 0.102147 0.309329 0.369238 0.516881 0.296696 0.437142 0.306970 0.379291 0.513523 0.270270 0.300129 0.216341 0.344915 0.602639 0.670056 0.380465 0.284949 0.268148 0.173053 0.168479 0.510699 
0.034531 0.004013 0.099990 0.263320 0.275290 0.247564 0.156637 0.170869 0.005645 1 0.272698 0.150675 0.171853 0.071014 0.286770 0.177463 0.165627 0.072766 0.342766 0.164721 0.225686 0.248149 0.009353 0.028005 0.173954 0.171327 0.100125 0.151748 0.101341 0.013271 0.161537 0.275752 0.042953 0.144111 0.041338 0.100151 0.134460 0.041538 0.024156 0.247789 0.212161 0.015610 0.037951 0.351862 0.131205 0.032035 0.015658 0.045855 0.015479 0.149445 0.070632 0.144212 0.106832 0.212120 0.023854 0.064931 0.053654 0.150649 0.162726 0.609273 0.360851 0.703040 0.426276 0.757948 0.890821 0.353738 0.620876 0.612831 0.272965 0.296039 0.153147 0.774445 0.667744 0.046527 0.134573 0.750811 0.827466 0.613698 0.261721 0.671925 1.092854 0.320637 0.431536 0.594663 0.584067 0.706412 0.627522 0.520530 0.364609 0.445674 0.663842 0.712210 0.636095 1.061340 0.917809 0.082449 0.412348 0.754151 0.378500 0.788970 0.324302 0.530716 0.725165 0.783593 0.376597 0.996270 0.611694 0.574741 0.916599 0.308556 0.453359 0.881557 0.392754 0.670144 0.759605 0.724939 0.574179 0.827339 0.793291 0.467458 0.374678 0.567514 0.777725 0.754782 0.763884 0.772464 0.815611 0.599931 0.840970 0.441963 0.357734 0.496890 0.455959 0.398653 0.355758 0.294375 0.269487 0.520748 0.436827 0.415376 0.407753 0.206218 0.514476 0.472862 0.125126 0.152532 0.698585 0.375465 0.340100 0.454720 0.518944 0.560444 0.650948 0.307351 0.354757 0.253982 0.573879 0.105849 0.312504 0.372425 0.519887 0.299908 0.440119 0.310185 0.382487 0.516537 0.273408 0.303470 0.219652 0.347931 0.605356 0.672751 0.383387 0.287935 0.271062 0.175704 0.171133 0.513449 
0.245923 0.274396 0.173326 0.011469 0.541360 0.026138 0.117273 0.102900 0.276391 0.272698 1 0.123354 0.103024 0.204180 0.014304 0.096090 0.108909 0.202033 0.070947 0.433752 0.492139 0.516250 0.281502 0.300273 0.444020 0.438407 0.174109 0.122445 0.371934 0.285436 0.111933 0.003556 0.314812 0.132264 0.232396 0.371296 0.404738 0.232049 0.296572 0.513918 0.479902 0.286836 0.235224 0.617208 0.401485 0.242171 0.257320 0.317912 0.258484 0.123944 0.203697 0.129731 0.166870 0.061544 0.254087 0.209840 0.322217 0.122994 0.110917 0.866722 0.626557 0.955021 0.689914 1.007488 1.133071 0.619459 0.877498 0.869609 0.540440 0.558138 0.423582 1.022819 0.921466 0.296021 0.405138 1.000642 1.074180 0.868584 0.526827 0.924292 1.326134 0.587844 0.695499 0.852022 0.841201 0.957722 0.883041 0.780267 0.630601 0.709438 0.918553 0.964059 0.892069 1.295984 1.158948 0.334650 0.673134 1.004319 0.643906 1.036977 0.590919 0.790671 0.975408 1.032273 0.641965 1.233845 0.868509 0.831918 1.156617 0.574833 0.714033 1.123515 0.656021 0.922824 1.007802 0.975010 0.831314 1.070505 1.040839 0.729110 0.638895 0.821208 1.023417 1.003001 1.011835 1.020023 1.060856 0.855029 1.084731 0.704858 0.621054 0.756413 0.717324 0.661649 0.621649 0.561386 0.537275 0.779489 0.699656 0.677835 0.671012 0.474955 0.773387 0.733940 0.392792 0.420870 0.950696 0.640384 0.605673 0.714954 0.775547 0.816389 0.902187 0.573519 0.619485 0.521562 0.830937 0.373556 0.577689 0.636893 0.779460 0.565645 0.701433 0.576010 0.646824 0.776059 0.539009 0.570410 0.486713 0.611454 0.861898 0.926901 0.648571 0.555710 0.538682 0.443517 0.439048 0.773354 
0.126469 0.152127 0.051136 0.114538 0.423326 0.098495 0.006639 0.028029 0.154091 0.150675 0.123354 1 0.021426 0.081055 0.137260 0.030695 0.026136 0.081827 0.194158 0.314048 0.373866 0.397059 0.159651 0.178274 0.323658 0.319654 0.050949 0.001632 0.251285 0.163372 0.014326 0.126518 0.193300 0.031277 0.110945 0.250337 0.284298 0.109548 0.174451 0.395837 0.360950 0.164446 0.112927 0.499481 0.281070 0.120982 0.135342 0.196347 0.136722 0.012977 0.080672 0.006701 0.046383 0.063887 0.133449 0.089792 0.201894 0.007208 0.017273 0.752779 0.508619 0.843851 0.572993 0.897393 1.026523 0.501495 0.763916 0.755975 0.421635 0.442132 0.303059 0.913288 0.809388 0.178693 0.284556 0.890460 0.965413 0.756089 0.409283 0.812954 1.223707 0.468978 0.578280 0.738169 0.727485 0.846854 0.770103 0.665279 0.512374 0.592234 0.805909 0.852868 0.778822 1.192921 1.052895 0.218721 0.557879 0.893883 0.526017 0.927598 0.472481 0.675534 0.865054 0.922576 0.524079 1.129436 0.754848 0.717800 1.050806 0.456070 0.598417 1.016744 0.538977 0.810950 0.898051 0.864401 0.717273 0.963299 0.931342 0.612807 0.521338 0.709030 0.915001 0.893253 0.902208 0.910583 0.952508 0.742038 0.977117 0.587855 0.504015 0.641275 0.601238 0.544766 0.503051 0.442241 0.417571 0.664770 0.582744 0.561253 0.553944 0.354485 0.658523 0.617950 0.272575 0.300351 0.839015 0.522394 0.487337 0.599555 0.661974 0.703132 0.791198 0.454891 0.501721 0.402025 0.716952 0.252761 0.459565 0.519161 0.664263 0.447239 0.585462 0.457592 0.529145 0.660853 0.420683 0.451298 0.367378 0.494340 0.748520 0.814644 0.530907 0.436698 0.419813 0.324449 0.319914 0.658401 
0.147801 0.173269 0.072484 0.094681 0.444252 0.078682 0.015715 0.023539 0.175237 0.171853 0.103024 0.021426 1 0.101990 0.116741 0.019644 0.026462 0.103153 0.173849 0.335159 0.394892 0.417980 0.180815 0.199368 0.344648 0.340774 0.071981 0.020283 0.272447 0.184490 0.016259 0.106260 0.214505 0.044945 0.132301 0.271455 0.305437 0.130756 0.195593 0.416827 0.381992 0.185492 0.134147 0.520213 0.302196 0.142329 0.156577 0.217523 0.158003 0.027811 0.101721 0.027768 0.067607 0.045632 0.154810 0.111141 0.223180 0.023592 0.018359 0.772833 0.529359 0.863586 0.593546 0.916887 1.045525 0.522223 0.783880 0.775957 0.442576 0.463026 0.324154 0.932699 0.829199 0.199906 0.305655 0.910007 0.984681 0.776094 0.430277 0.832731 1.241952 0.489715 0.598771 0.758240 0.747564 0.866525 0.790058 0.685540 0.533028 0.612660 0.825747 0.872532 0.798754 1.211275 1.071790 0.239868 0.578496 0.913400 0.546658 0.946972 0.493257 0.695786 0.884647 0.941996 0.544696 1.148030 0.774835 0.737782 1.069548 0.476734 0.618802 1.035617 0.559503 0.830629 0.917379 0.883879 0.737260 0.982350 0.950593 0.633115 0.541887 0.728970 0.934235 0.912596 0.921515 0.929865 0.971623 0.761936 0.996133 0.608221 0.524670 0.661541 0.621614 0.565309 0.523642 0.462982 0.438324 0.684967 0.603157 0.581740 0.574432 0.375276 0.678713 0.638264 0.293600 0.321270 0.858616 0.542956 0.507986 0.619957 0.682160 0.723207 0.810934 0.475628 0.522376 0.422829 0.736975 0.273704 0.480271 0.539735 0.684470 0.467990 0.605890 0.478329 0.549694 0.681047 0.441509 0.472009 0.388254 0.515004 0.768580 0.834495 0.551589 0.457579 0.440751 0.345608 0.341077 0.678749 
0.053732 0.072105 0.032127 0.195120 0.345443 0.179086 0.087235 0.103614 0.073893 0.071014 0.204180 0.081055 0.101990 1 0.218113 0.109219 0.098468 0.023367 0.274815 0.235324 0.296040 0.318441 0.080181 0.098377 0.244408 0.241719 0.030229 0.082072 0.172092 0.083585 0.092646 0.207302 0.113698 0.079927 0.034584 0.170891 0.205069 0.029923 0.094315 0.318047 0.282616 0.084152 0.033692 0.421636 0.201930 0.044382 0.056058 0.116658 0.057753 0.081349 0.003875 0.074651 0.040614 0.143888 0.057157 0.026051 0.123659 0.081494 0.094132 0.677175 0.430602 0.769943 0.495593 0.824168 0.955510 0.423458 0.688540 0.680593 0.343192 0.365819 0.223733 0.840426 0.734949 0.105519 0.205266 0.817182 0.893025 0.681401 0.331869 0.738976 1.155296 0.390440 0.500703 0.662614 0.652036 0.773171 0.695121 0.589073 0.434203 0.514685 0.731111 0.778980 0.703646 1.124113 0.982201 0.145748 0.481638 0.820454 0.448000 0.854825 0.394228 0.599226 0.791692 0.849610 0.446152 1.059787 0.679443 0.642016 0.980263 0.377426 0.521716 0.945594 0.461382 0.736571 0.825027 0.790832 0.641560 0.891871 0.858470 0.535673 0.443434 0.634502 0.842813 0.820222 0.829266 0.837755 0.880359 0.666960 0.905435 0.510271 0.426455 0.564833 0.524206 0.467250 0.424461 0.363341 0.338331 0.588596 0.505198 0.483940 0.476326 0.274838 0.582265 0.540980 0.193421 0.220796 0.764749 0.444187 0.408920 0.522968 0.586540 0.627871 0.717363 0.376312 0.423677 0.322912 0.641221 0.173209 0.381321 0.441107 0.587775 0.368833 0.508533 0.379165 0.451128 0.584369 0.342393 0.372414 0.288497 0.416750 0.673265 0.740068 0.453056 0.358097 0.341340 0.246256 0.241689 0.582175 
0.260127 0.288447 0.187391 0.025093 0.555294 0.040190 0.131182 0.117138 0.290438 0.286770 0.014304 0.137260 0.116741 0.218113 1 0.110238 0.123098 0.216195 0.057330 0.447802 0.506141 0.530195 0.295577 0.314318 0.458017 0.452465 0.188056 0.136328 0.386012 0.299492 0.125979 0.011713 0.328898 0.146496 0.246527 0.385356 0.418796 0.246095 0.310623 0.527894 0.493912 0.300853 0.249288 0.631025 0.415547 0.256318 0.271408 0.331991 0.272588 0.138077 0.217672 0.143649 0.181002 0.075726 0.268254 0.224027 0.336360 0.137007 0.125002 0.880089 0.640372 0.968163 0.703615 1.020478 1.145719 0.633269 0.890812 0.882940 0.554380 0.572061 0.437620 1.035754 0.934672 0.310218 0.419188 1.013662 1.087016 0.881911 0.540800 0.937471 1.338271 0.601679 0.709170 0.865400 0.854586 0.970831 0.896340 0.793780 0.644379 0.723076 0.931777 0.977165 0.905357 1.308196 1.171526 0.348817 0.686863 1.017326 0.657667 1.049885 0.604770 0.804177 0.988464 1.045212 0.655725 1.246223 0.881840 0.845231 1.169093 0.588597 0.727604 1.136080 0.669684 0.935931 1.020679 0.987986 0.844635 1.083187 1.053661 0.742643 0.652582 0.834486 1.036224 1.015886 1.024699 1.032868 1.073585 0.868282 1.097394 0.718431 0.634785 0.769899 0.730886 0.675315 0.635363 0.575189 0.551091 0.792934 0.713250 0.691471 0.684653 0.488807 0.786829 0.747467 0.406766 0.434785 0.963750 0.654076 0.619416 0.728524 0.788972 0.829745 0.915318 0.587315 0.633226 0.535406 0.844269 0.387494 0.591466 0.650588 0.792914 0.579447 0.715027 0.589804 0.660504 0.789506 0.552855 0.584198 0.500597 0.625198 0.875263 0.940127 0.662353 0.569621 0.552624 0.457590 0.453124 0.786910 
0.150669 0.179179 0.077851 0.086429 0.448173 0.070439 0.025957 0.009016 0.181092 0.177463 0.096090 0.030695 0.019644 0.109219 0.110238 1 0.014194 0.106211 0.166536 0.339443 0.398600 0.422678 0.186392 0.205266 0.349823 0.344384 0.079459 0.030361 0.277133 0.190372 0.017061 0.099041 0.219609 0.038300 0.136797 0.276530 0.310059 0.136625 0.201336 0.420541 0.386062 0.191783 0.139814 0.524663 0.306889 0.146682 0.161944 0.222765 0.163000 0.028102 0.108680 0.036614 0.070966 0.034831 0.158622 0.114212 0.227138 0.028100 0.015233 0.777311 0.533909 0.867435 0.598137 0.920873 1.049007 0.526804 0.788421 0.780499 0.446943 0.465811 0.329050 0.936626 0.833358 0.201616 0.310563 0.913890 0.988636 0.779856 0.433648 0.836542 1.245454 0.494847 0.603753 0.762593 0.751808 0.870419 0.794247 0.689964 0.538063 0.617861 0.830147 0.876648 0.803204 1.214802 1.075332 0.240868 0.581827 0.917524 0.551486 0.950921 0.498012 0.700335 0.888487 0.946006 0.549678 1.151590 0.779370 0.742340 1.073263 0.481700 0.622901 1.039457 0.563941 0.834863 0.921510 0.888046 0.741799 0.985871 0.954824 0.637910 0.546577 0.732444 0.937872 0.916659 0.925645 0.933962 0.975595 0.766099 1.000006 0.613210 0.528598 0.665725 0.625992 0.569568 0.528777 0.467910 0.443520 0.689165 0.607915 0.586050 0.579036 0.380763 0.683003 0.642800 0.297988 0.326227 0.862977 0.547847 0.512747 0.623815 0.685638 0.726917 0.814402 0.480240 0.526809 0.427721 0.741297 0.278662 0.484639 0.544390 0.688921 0.472398 0.610043 0.482830 0.554423 0.685535 0.445574 0.477033 0.392707 0.518957 0.772702 0.838637 0.556198 0.462317 0.445185 0.349334 0.344824 0.682842 
0.137959 0.167451 0.066723 0.098877 0.435690 0.083068 0.023982 0.007961 0.169315 0.165627 0.108909 0.026136 0.026462 0.098468 0.123098 0.014194 1 0.093698 0.178873 0.326992 0.386028 0.410421 0.174542 0.193493 0.337693 0.331741 0.069383 0.026521 0.264813 0.178630 0.013440 0.111743 0.207471 0.024346 0.124657 0.264357 0.297692 0.125030 0.189469 0.407979 0.373572 0.180181 0.128130 0.512420 0.294571 0.134469 0.150050 0.210681 0.150939 0.018070 0.097827 0.030452 0.059069 0.047422 0.146163 0.101700 0.214605 0.020857 0.010147 0.765470 0.521680 0.855633 0.586029 0.909251 1.037576 0.514585 0.776647 0.768725 0.434566 0.453079 0.316787 0.925045 0.821591 0.188495 0.298320 0.902216 0.977154 0.767873 0.420992 0.824710 1.234512 0.482785 0.591782 0.750708 0.739895 0.858676 0.782394 0.677992 0.526017 0.605987 0.818417 0.864962 0.791428 1.203796 1.063986 0.227536 0.569371 0.905924 0.539376 0.939366 0.485834 0.688399 0.876779 0.934442 0.537651 1.140444 0.767588 0.730485 1.062003 0.469532 0.610690 1.028137 0.551719 0.823124 0.909971 0.876426 0.729952 0.974366 0.943356 0.625922 0.534413 0.720347 0.926276 0.905090 0.914122 0.922445 0.964148 0.754204 0.988602 0.601227 0.516155 0.653593 0.613840 0.557281 0.516686 0.455684 0.431355 0.677089 0.595838 0.573822 0.566881 0.368674 0.670951 0.630727 0.285493 0.313925 0.851310 0.535717 0.500525 0.611516 0.673380 0.714794 0.802433 0.467927 0.514509 0.415446 0.729352 0.266375 0.472272 0.532182 0.676899 0.460024 0.597814 0.470493 0.542253 0.673528 0.433066 0.464851 0.380275 0.506521 0.760772 0.826838 0.544023 0.450075 0.432832 0.336706 0.332200 0.670726 
0.045498 0.074793 0.031607 0.192257 0.344035 0.176464 0.087850 0.099422 0.076480 0.072766 0.202033 0.081827 0.103153 0.023367 0.216195 0.106211 0.093698 1 0.272033 0.234325 0.294177 0.318223 0.081704 0.100666 0.244947 0.239550 0.035824 0.083100 0.171692 0.085945 0.090968 0.204969 0.114109 0.071721 0.031493 0.171235 0.204656 0.033975 0.096378 0.316254 0.281338 0.087719 0.036423 0.421123 0.201594 0.041246 0.057160 0.117373 0.057660 0.078454 0.021605 0.075685 0.035742 0.140825 0.052809 0.009163 0.121459 0.080453 0.091699 0.676888 0.430267 0.768873 0.495340 0.823336 0.954134 0.423166 0.688349 0.680381 0.342506 0.362645 0.223817 0.839527 0.734258 0.097661 0.205327 0.816198 0.892210 0.680113 0.329566 0.737817 1.154147 0.390956 0.501026 0.662141 0.651399 0.772153 0.694445 0.588625 0.434582 0.515329 0.730761 0.778269 0.703343 1.122965 0.980929 0.137767 0.479516 0.819805 0.448098 0.853975 0.394154 0.598969 0.790619 0.848828 0.446433 1.058611 0.679227 0.641941 0.979314 0.377868 0.520889 0.944785 0.461039 0.736107 0.824492 0.790307 0.641432 0.890581 0.858105 0.535864 0.443444 0.632906 0.841627 0.819596 0.828728 0.837183 0.879671 0.666344 0.904632 0.510754 0.425361 0.564192 0.523817 0.466665 0.425184 0.363746 0.339181 0.587969 0.505354 0.483413 0.476230 0.276205 0.581777 0.540825 0.192863 0.221334 0.764493 0.444522 0.409069 0.521825 0.584918 0.626595 0.715847 0.376227 0.423312 0.323273 0.640821 0.173775 0.380864 0.441100 0.587515 0.368431 0.507788 0.378901 0.451231 0.584162 0.341434 0.372960 0.288141 0.415659 0.672470 0.739357 0.452804 0.357988 0.340739 0.244315 0.239769 0.581262 
0.315386 0.344544 0.243831 0.080246 0.608979 0.096354 0.188056 0.172975 0.346553 0.342766 0.070947 0.194158 0.173849 0.274815 0.057330 0.166536 0.178873 0.272033 1 0.502427 0.560010 0.584452 0.351472 0.370237 0.512930 0.506664 0.244783 0.193256 0.441186 0.355469 0.182616 0.067806 0.384576 0.201587 0.302462 0.440665 0.473813 0.302402 0.366612 0.581641 0.548113 0.356988 0.305510 0.684489 0.470552 0.312117 0.327432 0.387688 0.328533 0.194426 0.274275 0.200503 0.237213 0.131817 0.323830 0.279718 0.391544 0.193718 0.181498 0.931636 0.693925 1.018350 0.756645 1.070180 1.193703 0.686853 0.942207 0.934347 0.608422 0.624780 0.492624 1.085185 0.985314 0.364510 0.474260 1.063383 1.136074 0.932735 0.594274 0.987752 1.384323 0.655733 0.762364 0.916905 0.906030 1.020883 0.947399 0.845845 0.698090 0.776272 0.982708 1.027377 0.956577 1.354550 1.219284 0.402425 0.739083 1.067195 0.711218 1.099248 0.658595 0.856312 1.038271 1.094716 0.709259 1.293202 0.933264 0.897013 1.216868 0.642751 0.780106 1.184328 0.722923 0.986611 1.070349 1.038051 0.896360 1.131612 1.103213 0.795493 0.706083 0.885333 1.085231 1.065557 1.074309 1.082388 1.122592 0.919501 1.146040 0.771644 0.688053 0.822168 0.783629 0.728472 0.689397 0.629521 0.605735 0.844979 0.766409 0.744462 0.737891 0.543906 0.838965 0.800167 0.461884 0.490006 1.014347 0.707785 0.673324 0.780925 0.840477 0.881069 0.965552 0.641385 0.686820 0.589981 0.895971 0.442953 0.645310 0.704183 0.845200 0.633426 0.767705 0.643766 0.714062 0.841806 0.606825 0.638505 0.555134 0.678502 0.926515 0.990834 0.715749 0.623739 0.606687 0.511896 0.507470 0.838934 
0.189819 0.163754 0.263468 0.424125 0.111239 0.408775 0.319886 0.332350 0.161912 0.164721 0.433752 0.314048 0.335159 0.235324 0.447802 0.339443 0.326992 0.234325 0.502427 1 0.061807 0.084761 0.155686 0.137900 0.019099 0.013650 0.264203 0.315163 0.063523 0.152518 0.324207 0.436679 0.122025 0.304260 0.204001 0.065265 0.030916 0.205838 0.141709 0.083769 0.047689 0.152363 0.202214 0.188752 0.033966 0.193941 0.179764 0.119124 0.178346 0.311867 0.235017 0.307647 0.269498 0.373569 0.181839 0.226093 0.113230 0.313633 0.325151 0.449648 0.197764 0.545172 0.264072 0.601531 0.737448 0.190739 0.461780 0.453640 0.108928 0.134090 0.016332 0.618541 0.509450 0.141634 0.031590 0.594067 0.672404 0.454308 0.098142 0.513864 0.944148 0.158527 0.270016 0.434891 0.424268 0.548960 0.468402 0.359777 0.202514 0.284734 0.505444 0.554779 0.477152 0.911958 0.765082 0.108848 0.249936 0.597605 0.216154 0.633286 0.161351 0.370045 0.568184 0.627621 0.214601 0.845388 0.452484 0.416249 0.765237 0.148860 0.292660 0.729421 0.231939 0.513174 0.604701 0.569072 0.415503 0.674183 0.638848 0.307410 0.213892 0.409495 0.623460 0.599820 0.609081 0.617816 0.662018 0.441788 0.687965 0.282003 0.196806 0.336949 0.295604 0.237773 0.195900 0.134875 0.112038 0.360994 0.276561 0.254502 0.247091 0.058686 0.354914 0.312834 0.055307 0.042934 0.542159 0.215035 0.179805 0.294190 0.359603 0.401372 0.493885 0.147187 0.193572 0.096684 0.415121 0.074389 0.152571 0.211947 0.360127 0.139833 0.279379 0.149681 0.222046 0.356957 0.113905 0.143962 0.065693 0.186981 0.445603 0.514172 0.220566 0.124590 0.107075 0.014686 0.011625 0.352062 
0.249444 0.224856 0.323534 0.482441 0.050664 0.467331 0.379610 0.391343 0.223067 0.225686 0.492139 0.373866 0.394892 0.296040 0.506141 0.398600 0.386028 0.294177 0.560010 0.061807 1 0.031907 0.216654 0.199164 0.058246 0.055059 0.324538 0.374998 0.124983 0.213642 0.383696 0.495006 0.183251 0.363091 0.264330 0.126854 0.092684 0.266570 0.203023 0.022366 0.015433 0.213668 0.262882 0.129378 0.095653 0.254234 0.240532 0.180412 0.239045 0.371310 0.295643 0.367506 0.329292 0.432364 0.241991 0.285885 0.173651 0.373299 0.384552 0.390500 0.138761 0.485861 0.204793 0.542745 0.679216 0.131875 0.402804 0.394606 0.050928 0.072778 0.075880 0.559845 0.450258 0.199673 0.093086 0.535097 0.613992 0.394435 0.036607 0.454416 0.887404 0.102457 0.211654 0.375558 0.364782 0.489758 0.409042 0.300277 0.144928 0.226843 0.446502 0.495789 0.418131 0.855009 0.707079 0.163752 0.188746 0.538900 0.157815 0.574689 0.103364 0.310746 0.509071 0.568981 0.156581 0.787968 0.393457 0.358141 0.708060 0.096655 0.233742 0.672137 0.174423 0.454905 0.546842 0.510945 0.357167 0.616346 0.581232 0.249649 0.157045 0.350439 0.565388 0.541918 0.551225 0.559988 0.604429 0.383237 0.630448 0.225026 0.139445 0.278401 0.237486 0.180055 0.141734 0.084743 0.069226 0.302283 0.219292 0.196387 0.189697 0.059051 0.296465 0.254883 0.111816 0.090761 0.484235 0.159170 0.125189 0.235332 0.300421 0.342256 0.435044 0.094378 0.136867 0.057316 0.356752 0.132883 0.098965 0.155790 0.301768 0.087109 0.220791 0.095869 0.165764 0.298757 0.064070 0.093092 0.047315 0.129760 0.386005 0.454909 0.161494 0.068025 0.049514 0.051180 0.055683 0.292048 
0.273936 0.247021 0.346867 0.506790 0.032220 0.491566 0.402824 0.415639 0.245232 0.248149 0.516250 0.397059 0.417980 0.318441 0.530195 0.422678 0.410421 0.318223 0.584452 0.084761 0.031907 1 0.239051 0.220905 0.074922 0.081574 0.347312 0.398140 0.147457 0.235674 0.407410 0.519190 0.205713 0.387902 0.287811 0.148415 0.114652 0.289278 0.224969 0.021940 0.039208 0.235233 0.285692 0.104772 0.117557 0.277801 0.263348 0.202663 0.262106 0.395206 0.318181 0.390653 0.353099 0.456613 0.265910 0.309996 0.197625 0.396855 0.408437 0.366705 0.113649 0.463709 0.180058 0.520459 0.658163 0.106621 0.378976 0.370762 0.026250 0.064392 0.095914 0.537742 0.427417 0.225761 0.114102 0.512973 0.591854 0.372477 0.032147 0.432430 0.866637 0.073986 0.185738 0.352061 0.341603 0.467603 0.386041 0.276492 0.117967 0.200447 0.423080 0.473118 0.394514 0.834157 0.685962 0.191552 0.168947 0.516300 0.131872 0.552547 0.076796 0.286608 0.487079 0.546660 0.130086 0.766945 0.369625 0.334429 0.686839 0.071702 0.211183 0.650621 0.150876 0.432139 0.524517 0.488433 0.333475 0.595424 0.558697 0.224934 0.132482 0.329753 0.544175 0.519739 0.528920 0.537758 0.582549 0.360565 0.608810 0.199655 0.118688 0.255549 0.214039 0.157172 0.115525 0.060800 0.047775 0.279352 0.194599 0.173187 0.165466 0.062555 0.273338 0.230987 0.133423 0.108603 0.461208 0.133843 0.100686 0.213597 0.279686 0.320676 0.414087 0.071633 0.113430 0.042902 0.333576 0.153536 0.077863 0.131531 0.278104 0.066359 0.198074 0.073482 0.141146 0.275040 0.050533 0.068048 0.053798 0.109119 0.363071 0.432015 0.136304 0.040134 0.023790 0.076980 0.081259 0.269049 
0.041673 0.009086 0.109031 0.272129 0.266260 0.256421 0.165569 0.179724 0.008675 0.009353 0.281502 0.159651 0.180815 0.080181 0.295577 0.186392 0.174542 0.081704 0.351472 0.155686 0.216654 0.239051 1 0.019086 0.164841 0.162369 0.109178 0.160718 0.092334 0.004969 0.170518 0.284556 0.034145 0.152915 0.050273 0.091080 0.125470 0.050742 0.015953 0.238765 0.203118 0.009572 0.047135 0.342809 0.122144 0.040680 0.024798 0.036953 0.024361 0.158401 0.079740 0.153184 0.115853 0.220999 0.031333 0.073694 0.045208 0.159658 0.171710 0.600370 0.351808 0.694266 0.417245 0.749240 0.882293 0.344703 0.611997 0.603929 0.263912 0.287071 0.144083 0.765760 0.658917 0.042405 0.125491 0.742085 0.818824 0.604837 0.252725 0.663130 1.084571 0.311560 0.422504 0.585764 0.575166 0.697639 0.618661 0.511559 0.355545 0.436642 0.655008 0.703429 0.627231 1.053017 0.909308 0.075830 0.403374 0.745426 0.369475 0.780301 0.315216 0.521744 0.716418 0.774899 0.367516 0.987858 0.602798 0.566017 0.908238 0.299793 0.444567 0.873160 0.383970 0.661497 0.751053 0.716332 0.565421 0.818897 0.784765 0.458645 0.365867 0.558869 0.769224 0.746238 0.755332 0.763925 0.807141 0.591238 0.832527 0.433161 0.349019 0.488149 0.447196 0.389897 0.346986 0.285639 0.260798 0.511994 0.428043 0.406589 0.398956 0.197643 0.505733 0.464096 0.116992 0.144253 0.689972 0.366674 0.331348 0.445983 0.510268 0.551748 0.642352 0.298625 0.345973 0.245324 0.565170 0.098044 0.303815 0.363668 0.511124 0.291204 0.431338 0.301446 0.373717 0.507782 0.264756 0.294718 0.211099 0.339201 0.596463 0.663918 0.374332 0.278852 0.261991 0.166711 0.162143 0.504488 
0.059968 0.026467 0.127805 0.290968 0.248542 0.275249 0.184202 0.198665 0.024934 0.028005 0.300273 0.178274 0.199368 0.098377 0.314318 0.205266 0.193493 0.100666 0.370237 0.137900 0.199164 0.220905 0.019086 1 0.146455 0.145170 0.127671 0.179319 0.074555 0.014991 0.189310 0.303340 0.017486 0.171945 0.069229 0.072894 0.107492 0.069265 0.006458 0.221215 0.185375 0.014743 0.065817 0.324826 0.104152 0.059692 0.043646 0.019492 0.043113 0.177273 0.098111 0.171802 0.134763 0.239872 0.049796 0.092727 0.031714 0.178411 0.190547 0.582747 0.333743 0.677129 0.399271 0.732213 0.865813 0.326640 0.594416 0.586342 0.245890 0.270130 0.125827 0.748820 0.641607 0.044149 0.107307 0.725063 0.801959 0.587584 0.235367 0.646005 1.068599 0.293244 0.404393 0.568188 0.557647 0.680543 0.601239 0.493852 0.337315 0.418481 0.637568 0.686233 0.609704 1.036963 0.892879 0.067988 0.386034 0.728323 0.351340 0.763372 0.297065 0.503977 0.699400 0.757910 0.349348 0.971628 0.585210 0.548418 0.891851 0.281639 0.426941 0.856629 0.366109 0.644241 0.734088 0.699244 0.547831 0.802390 0.767798 0.440732 0.347878 0.541837 0.752545 0.729291 0.738384 0.747006 0.790389 0.573876 0.815886 0.415121 0.331368 0.470535 0.429427 0.372102 0.328745 0.267447 0.242496 0.494413 0.410073 0.388801 0.381026 0.179294 0.488121 0.446292 0.099967 0.126491 0.672703 0.348562 0.313268 0.428455 0.493056 0.534473 0.625409 0.280594 0.328038 0.227183 0.547639 0.081149 0.285956 0.345672 0.493413 0.273298 0.413656 0.283474 0.355693 0.490068 0.247056 0.276488 0.193298 0.321545 0.578998 0.646572 0.356268 0.260645 0.243933 0.149314 0.144754 0.486855 
