
---	Treino para o 0-fold	---
Max epochs   100000. Desired error: 0.0010000000.
Epochs            1. Current error: 0.2323596478. Bit fail 1934.
Epochs           33. Current error: 0.0009952642. Bit fail 2.

---	Treino para o 1-fold	---
Max epochs   100000. Desired error: 0.0010000000.
Epochs            1. Current error: 0.0007241795. Bit fail 0.

---	Treino para o 2-fold	---
Max epochs   100000. Desired error: 0.0010000000.
Epochs            1. Current error: 0.0008022703. Bit fail 2.

---	Treino para o 3-fold	---
Max epochs   100000. Desired error: 0.0010000000.
Epochs            1. Current error: 0.0005602207. Bit fail 1.

---	Treino para o 4-fold	---
Max epochs   100000. Desired error: 0.0010000000.
Epochs            1. Current error: 0.0005455778. Bit fail 1.

---	Treino para o 5-fold	---
Max epochs   100000. Desired error: 0.0010000000.
Epochs            1. Current error: 0.0005445306. Bit fail 1.

---	Treino para o 6-fold	---
Max epochs   100000. Desired error: 0.0010000000.
Epochs            1. Current error: 0.0003831853. Bit fail 0.

---	Treino para o 7-fold	---
Max epochs   100000. Desired error: 0.0010000000.
Epochs            1. Current error: 0.0002429017. Bit fail 0.

---	Treino para o 8-fold	---
Max epochs   100000. Desired error: 0.0010000000.
Epochs            1. Current error: 0.0001621166. Bit fail 0.

---	Treino para o 9-fold	---
Max epochs   100000. Desired error: 0.0010000000.
Epochs            1. Current error: 0.0001406632. Bit fail 0.



>>>	ACURACIA: 0.015299
>>>	Hidden neurons: 10

1 0.038392 0.087159 0.264153 0.266001 0.248108 0.148680 0.150425 0.038281 0.032937 0.280487 0.144529 0.171168 0.072972 0.302227 0.164568 0.147437 0.053142 0.372530 0.169753 0.222359 0.246275 0.038695 0.058587 0.181525 0.180064 0.094012 0.146239 0.114768 0.048119 0.151585 0.283994 0.064921 0.116261 0.028114 0.113880 0.144861 0.042035 0.052597 0.241495 0.208421 0.049160 0.035773 0.327647 0.140544 0.019884 0.025412 0.063530 0.024743 0.136613 0.069578 0.136793 0.092026 0.202253 0.012676 0.040065 0.070014 0.141853 0.152687 0.565134 0.353403 0.624315 0.397481 0.637151 0.770672 0.327315 0.529613 0.542830 0.277761 0.305663 0.179094 0.653849 0.588164 0.058158 0.150852 0.660319 0.712814 0.556890 0.265181 0.580761 0.930252 0.302991 0.404323 0.533728 0.516715 0.618757 0.558337 0.476306 0.349026 0.416067 0.589862 0.634710 0.568498 0.903428 0.783000 0.101758 0.401902 0.644367 0.334653 0.663716 0.310842 0.488768 0.630352 0.683864 0.357279 0.857023 0.540970 0.487346 0.735130 0.282331 0.393893 0.703202 0.352365 0.553985 0.614391 0.593471 0.492095 0.666656 0.653685 0.413132 0.333588 0.454875 0.629951 0.605548 0.610040 0.619489 0.642572 0.500472 0.670519 0.391701 0.331322 0.435964 0.407234 0.362874 0.337021 0.287895 0.269382 0.463419 0.400826 0.384310 0.379844 0.217750 0.458240 0.423763 0.144922 0.169758 0.595357 0.352518 0.322661 0.403216 0.447697 0.481685 0.546540 0.296279 0.337497 0.255156 0.497008 0.128002 0.295868 0.344032 0.458022 0.293316 0.403481 0.300613 0.356342 0.460584 0.268770 0.295558 0.225347 0.328106 0.563986 0.617622 0.379118 0.300850 0.284338 0.203343 0.199446 0.483925 
0.038392 1 0.101241 0.280490 0.249031 0.263996 0.161094 0.168314 0.003947 0.007849 0.295594 0.156235 0.182783 0.079671 0.316784 0.180907 0.165956 0.073025 0.387374 0.152762 0.207245 0.226675 0.012155 0.029093 0.160743 0.165811 0.103658 0.157396 0.096720 0.016019 0.166827 0.299121 0.042178 0.137956 0.038143 0.093621 0.125856 0.041033 0.021104 0.225934 0.192027 0.012332 0.042725 0.308269 0.121899 0.029946 0.019266 0.042021 0.017171 0.153118 0.075951 0.149347 0.109487 0.218738 0.026012 0.060796 0.057528 0.156271 0.168937 0.544168 0.332617 0.605168 0.376852 0.618309 0.752842 0.307361 0.509341 0.522255 0.257882 0.291385 0.157161 0.635172 0.568501 0.066054 0.130332 0.641227 0.693673 0.538248 0.249323 0.562423 0.912797 0.281514 0.382673 0.513409 0.497161 0.599928 0.538558 0.456190 0.327362 0.393867 0.569420 0.615009 0.547878 0.885895 0.765220 0.103108 0.384935 0.624950 0.314460 0.644990 0.290280 0.468063 0.611748 0.664508 0.335994 0.839191 0.520434 0.467228 0.716947 0.263638 0.376124 0.684716 0.333628 0.534550 0.595284 0.574202 0.472074 0.649092 0.633701 0.392757 0.314891 0.440093 0.612121 0.586680 0.591203 0.600561 0.624110 0.481601 0.652064 0.370770 0.313776 0.416716 0.387549 0.343809 0.315323 0.266979 0.247433 0.443747 0.379914 0.365009 0.359715 0.195701 0.438545 0.403540 0.126840 0.149345 0.574722 0.331397 0.302200 0.385104 0.430648 0.463560 0.528945 0.276372 0.317896 0.234385 0.476932 0.107412 0.277559 0.324076 0.437687 0.274287 0.384472 0.281150 0.335782 0.440122 0.251034 0.274225 0.206954 0.310373 0.543970 0.597422 0.357915 0.279366 0.263851 0.185154 0.181292 0.464077 
0.087159 0.101241 1 0.180266 0.348277 0.163798 0.062618 0.068595 0.100823 0.099022 0.195871 0.058469 0.084628 0.026853 0.217298 0.080407 0.065541 0.034776 0.288164 0.252273 0.305887 0.326849 0.110764 0.130022 0.261416 0.264092 0.012866 0.060543 0.196324 0.116214 0.066096 0.199454 0.142332 0.042823 0.065814 0.193942 0.226034 0.061132 0.122215 0.324715 0.291243 0.112238 0.060784 0.407746 0.221925 0.076414 0.084850 0.141019 0.087108 0.052041 0.028123 0.050099 0.012186 0.118471 0.088537 0.047599 0.153478 0.055738 0.067858 0.639794 0.431565 0.699201 0.475559 0.711837 0.842808 0.406955 0.605794 0.618649 0.357394 0.388408 0.256732 0.728376 0.663683 0.145079 0.230799 0.734454 0.785582 0.633664 0.347766 0.657312 0.998280 0.381590 0.481479 0.609820 0.593832 0.694149 0.634370 0.553726 0.426824 0.492579 0.664725 0.709185 0.643655 0.972162 0.854763 0.188331 0.482249 0.718610 0.413881 0.737843 0.390045 0.565335 0.705642 0.757325 0.435396 0.927021 0.616846 0.565843 0.809071 0.363175 0.475213 0.777672 0.433447 0.631623 0.690858 0.670336 0.570674 0.742972 0.728742 0.492475 0.414523 0.535909 0.707053 0.682243 0.686493 0.695796 0.718283 0.579584 0.745888 0.470702 0.413554 0.515980 0.487256 0.443782 0.415850 0.367707 0.348266 0.542779 0.479912 0.464929 0.459821 0.296665 0.537742 0.503228 0.226775 0.250012 0.671537 0.431807 0.402737 0.484460 0.529109 0.561867 0.625932 0.376945 0.418178 0.335188 0.575557 0.207806 0.377687 0.424402 0.536862 0.374708 0.484137 0.381622 0.436135 0.539384 0.351143 0.374966 0.307256 0.410290 0.639482 0.691910 0.456441 0.378436 0.362995 0.283490 0.279621 0.561072 
0.264153 0.280490 0.180266 1 0.525007 0.016763 0.120224 0.113970 0.280365 0.278854 0.018632 0.125400 0.100256 0.203582 0.040100 0.100094 0.117038 0.212454 0.109085 0.430693 0.483310 0.503845 0.290307 0.308737 0.439547 0.441734 0.177701 0.124752 0.375415 0.294800 0.114296 0.021783 0.321553 0.149021 0.244809 0.373077 0.404642 0.239732 0.301256 0.501836 0.469249 0.291061 0.240938 0.583291 0.400728 0.255397 0.264793 0.320796 0.266821 0.128649 0.205827 0.131904 0.174011 0.062132 0.267311 0.224958 0.332331 0.124839 0.112868 0.805863 0.604693 0.863537 0.648412 0.876632 1.000497 0.582599 0.775402 0.787091 0.532368 0.561546 0.432300 0.892461 0.830168 0.319979 0.408705 0.897389 0.946394 0.800672 0.523049 0.824345 1.148219 0.557543 0.654115 0.778240 0.763427 0.859251 0.801926 0.724321 0.600903 0.664839 0.830973 0.873404 0.810689 1.123511 1.012043 0.361734 0.653741 0.882909 0.590115 0.901358 0.565361 0.735033 0.870377 0.919462 0.609475 1.080765 0.785397 0.739855 0.972112 0.542070 0.651847 0.942405 0.610919 0.803086 0.860007 0.840143 0.744310 0.909424 0.895819 0.668359 0.592594 0.710677 0.875385 0.851881 0.855848 0.864677 0.886021 0.753235 0.912314 0.647138 0.590952 0.691166 0.663093 0.620630 0.592508 0.545265 0.525767 0.716775 0.655480 0.640999 0.635889 0.474954 0.712110 0.678635 0.405711 0.428844 0.841025 0.608374 0.580075 0.660518 0.704091 0.735682 0.797538 0.554713 0.594925 0.513272 0.748936 0.386880 0.556082 0.601769 0.711148 0.552438 0.659726 0.559182 0.612866 0.713551 0.529353 0.552395 0.485983 0.587716 0.805657 0.856088 0.628393 0.551782 0.536940 0.458037 0.454242 0.730364 
0.266001 0.249031 0.348277 0.525007 1 0.508913 0.407777 0.412915 0.249570 0.250819 0.540263 0.402983 0.429460 0.327635 0.561416 0.426494 0.410676 0.316911 0.630821 0.097736 0.045722 0.029345 0.238873 0.220811 0.090698 0.087228 0.351510 0.403978 0.153810 0.234468 0.413172 0.543675 0.207443 0.380316 0.283333 0.156455 0.123945 0.289160 0.228461 0.026787 0.059377 0.239373 0.289208 0.065001 0.128169 0.272898 0.264608 0.209476 0.262111 0.399157 0.324202 0.396435 0.355231 0.463742 0.261469 0.303543 0.196952 0.402978 0.415025 0.313175 0.099405 0.373034 0.138743 0.386799 0.528287 0.066100 0.273502 0.287219 0.038070 0.058964 0.102974 0.404050 0.334333 0.214583 0.120255 0.410834 0.466559 0.302086 0.022797 0.326396 0.698962 0.051467 0.147692 0.278018 0.259153 0.366502 0.303240 0.218019 0.094413 0.160657 0.336729 0.383494 0.314580 0.670212 0.541711 0.176452 0.144013 0.394021 0.076560 0.414939 0.054784 0.232373 0.378668 0.435505 0.100367 0.619916 0.285245 0.227854 0.489687 0.055233 0.132789 0.456181 0.092798 0.296727 0.360982 0.338275 0.231836 0.416013 0.402101 0.152625 0.080675 0.206266 0.376838 0.352600 0.357820 0.367085 0.393288 0.240889 0.421248 0.133500 0.070153 0.173816 0.145390 0.101134 0.084796 0.047157 0.049139 0.201789 0.141481 0.122062 0.119268 0.071505 0.196646 0.162744 0.127178 0.106841 0.340053 0.096240 0.068603 0.140181 0.185515 0.219980 0.287557 0.047279 0.078150 0.044747 0.237021 0.146503 0.047469 0.086267 0.197205 0.042799 0.140654 0.047799 0.098492 0.200148 0.031428 0.053519 0.055384 0.067550 0.311109 0.366880 0.126987 0.066549 0.052484 0.079416 0.082455 0.227887 
0.248108 0.263996 0.163798 0.016763 0.508913 1 0.103566 0.098014 0.263855 0.262390 0.032789 0.108732 0.083532 0.186952 0.054726 0.083777 0.101098 0.196233 0.124983 0.414460 0.467224 0.487624 0.273880 0.292277 0.423209 0.425642 0.161067 0.108106 0.359100 0.278342 0.097787 0.036349 0.305156 0.133415 0.228460 0.356706 0.388335 0.223217 0.284770 0.485762 0.453070 0.274526 0.224476 0.567182 0.384417 0.239086 0.248361 0.304377 0.250408 0.112311 0.189209 0.115238 0.157725 0.046001 0.251074 0.208775 0.316111 0.108270 0.096500 0.790390 0.588693 0.848304 0.632440 0.861363 0.985868 0.566453 0.759680 0.771453 0.516277 0.545838 0.416080 0.877261 0.814735 0.304213 0.392398 0.882268 0.931432 0.785263 0.507106 0.808941 1.134230 0.541304 0.638103 0.762620 0.747759 0.843976 0.786404 0.708549 0.584789 0.648824 0.815512 0.858150 0.795158 1.109403 0.997443 0.346136 0.638064 0.867652 0.573901 0.886197 0.549214 0.719296 0.855142 0.904387 0.593381 1.066452 0.769752 0.723815 0.957021 0.525721 0.635730 0.927157 0.594693 0.787274 0.844385 0.824466 0.728310 0.894108 0.880313 0.652172 0.576315 0.694810 0.859906 0.836229 0.840215 0.849081 0.870528 0.737287 0.896936 0.630878 0.574796 0.675094 0.646951 0.604443 0.576207 0.528944 0.509404 0.700776 0.639296 0.624865 0.619712 0.458545 0.696082 0.662497 0.389409 0.412473 0.825307 0.592108 0.563787 0.644439 0.688148 0.719776 0.781831 0.538422 0.578725 0.496922 0.732956 0.370496 0.539809 0.585499 0.695086 0.536191 0.643644 0.542928 0.596615 0.697495 0.513123 0.536062 0.469686 0.571551 0.790235 0.840810 0.612457 0.535728 0.520891 0.442022 0.438222 0.714707 
0.148680 0.161094 0.062618 0.120224 0.407777 0.103566 1 0.025137 0.160998 0.159863 0.134793 0.005611 0.022757 0.084634 0.155932 0.025540 0.027419 0.096751 0.226749 0.312718 0.366223 0.385776 0.171377 0.189371 0.320822 0.324615 0.058060 0.007003 0.257039 0.175440 0.015004 0.138338 0.202678 0.047243 0.126629 0.254323 0.286169 0.120244 0.181836 0.384789 0.351633 0.171393 0.122580 0.466036 0.282292 0.137481 0.146149 0.202048 0.148184 0.021776 0.086312 0.013286 0.059658 0.059686 0.150026 0.108731 0.214766 0.012866 0.020629 0.693039 0.487998 0.752528 0.532063 0.765792 0.894022 0.465167 0.661295 0.673315 0.414980 0.446486 0.314092 0.782062 0.717809 0.206156 0.290089 0.787266 0.837623 0.688192 0.406579 0.712224 1.046705 0.439518 0.537574 0.664493 0.649365 0.747991 0.688875 0.609375 0.483605 0.548339 0.718451 0.762265 0.697635 1.021104 0.905920 0.248548 0.538999 0.772060 0.472543 0.791298 0.447792 0.620344 0.759450 0.809763 0.492302 0.976713 0.671586 0.623371 0.862630 0.423716 0.534725 0.831875 0.493031 0.688274 0.746688 0.726341 0.627994 0.798127 0.783249 0.550738 0.474553 0.595904 0.762916 0.738425 0.742611 0.751622 0.773880 0.637408 0.800824 0.529123 0.473280 0.574192 0.545621 0.502824 0.473986 0.426544 0.406817 0.600200 0.537693 0.523413 0.518056 0.355731 0.595334 0.561196 0.287180 0.309857 0.726704 0.490053 0.461591 0.543418 0.587939 0.619808 0.683102 0.436179 0.476885 0.394386 0.632660 0.267902 0.437783 0.483470 0.594282 0.434110 0.542466 0.440827 0.494629 0.596642 0.411184 0.433625 0.367448 0.469935 0.693067 0.744644 0.512122 0.434644 0.419783 0.341009 0.337185 0.616058 
0.150425 0.168314 0.068595 0.113970 0.412915 0.098014 0.025137 1 0.168257 0.166359 0.130444 0.028704 0.035365 0.094224 0.152360 0.016353 0.008209 0.099256 0.222504 0.317855 0.370632 0.392004 0.177593 0.196509 0.327346 0.328689 0.068586 0.030462 0.262443 0.182575 0.016257 0.133913 0.208770 0.036465 0.131641 0.260360 0.291913 0.127873 0.189095 0.389360 0.356594 0.179364 0.128744 0.472366 0.287939 0.142064 0.152097 0.208096 0.153970 0.020029 0.095640 0.029720 0.062066 0.052039 0.153772 0.111271 0.218904 0.021742 0.015818 0.700482 0.494920 0.759133 0.539070 0.772446 0.900171 0.471793 0.668555 0.680620 0.421284 0.450198 0.320864 0.788618 0.724675 0.206489 0.296284 0.793920 0.844458 0.694369 0.411091 0.718412 1.052970 0.446802 0.545124 0.671602 0.656084 0.754451 0.695738 0.616250 0.491022 0.556216 0.725740 0.769181 0.704975 1.027368 0.912118 0.248573 0.544032 0.778983 0.479466 0.797920 0.454593 0.627542 0.765823 0.816623 0.499561 0.983014 0.678874 0.630430 0.869045 0.429989 0.540508 0.838454 0.499216 0.695088 0.753460 0.733132 0.634959 0.804057 0.790481 0.557781 0.480816 0.600564 0.768952 0.745102 0.749317 0.758344 0.780460 0.643855 0.807342 0.536453 0.478754 0.580630 0.552231 0.509069 0.481441 0.433484 0.414169 0.606822 0.544873 0.529728 0.524784 0.362941 0.601966 0.568096 0.292589 0.316179 0.734097 0.497257 0.468422 0.549240 0.593273 0.625706 0.688790 0.442691 0.483266 0.401176 0.639607 0.274066 0.443651 0.490148 0.601298 0.440177 0.548649 0.447110 0.501568 0.603687 0.416670 0.440790 0.373176 0.475468 0.699953 0.751744 0.519284 0.441719 0.426335 0.346343 0.342498 0.622723 
0.038281 0.003947 0.100823 0.280365 0.249570 0.263855 0.160998 0.168257 1 0.005883 0.295496 0.156148 0.182619 0.078872 0.316679 0.180741 0.165727 0.072438 0.387340 0.153148 0.207670 0.227305 0.012586 0.030293 0.161280 0.166299 0.103347 0.157371 0.097014 0.018114 0.166539 0.299037 0.042731 0.137839 0.038280 0.093938 0.126328 0.041132 0.021937 0.226399 0.192371 0.013166 0.041615 0.308866 0.122279 0.030150 0.018211 0.041714 0.016667 0.152786 0.075444 0.149106 0.108944 0.218628 0.026049 0.060665 0.057829 0.155975 0.168585 0.545202 0.333579 0.606035 0.377665 0.618891 0.753629 0.307923 0.509901 0.523038 0.258828 0.292408 0.158375 0.635787 0.569298 0.066351 0.131089 0.642071 0.694444 0.539149 0.250173 0.563096 0.913503 0.282116 0.383496 0.514240 0.497881 0.600715 0.539373 0.457023 0.328169 0.394693 0.570263 0.615898 0.548729 0.886603 0.765937 0.103897 0.385922 0.625636 0.314755 0.645593 0.291015 0.468965 0.612500 0.665329 0.336781 0.839966 0.521202 0.467645 0.717441 0.263566 0.376369 0.685149 0.333898 0.534983 0.595689 0.574651 0.472571 0.649564 0.634277 0.393185 0.314980 0.439905 0.612562 0.587013 0.591500 0.600921 0.624384 0.481951 0.652461 0.371126 0.314194 0.417209 0.388046 0.344258 0.315888 0.267518 0.247996 0.444382 0.380524 0.365602 0.360324 0.196206 0.439162 0.404086 0.127329 0.149822 0.575402 0.331956 0.302696 0.385551 0.431071 0.464070 0.529469 0.276852 0.318502 0.234880 0.477503 0.107865 0.277839 0.324486 0.438259 0.274810 0.385088 0.281682 0.336314 0.440755 0.251461 0.274762 0.207336 0.310833 0.545006 0.598441 0.358963 0.280490 0.264950 0.186459 0.182602 0.465067 
0.032937 0.007849 0.099022 0.278854 0.250819 0.262390 0.159863 0.166359 0.005883 1 0.294195 0.155113 0.181644 0.077716 0.315472 0.179068 0.163676 0.069454 0.386160 0.154136 0.208493 0.228988 0.012489 0.032921 0.163004 0.166927 0.102239 0.156443 0.097897 0.021186 0.164952 0.297743 0.043882 0.135274 0.035709 0.095213 0.127606 0.040429 0.024807 0.227342 0.193347 0.017967 0.039127 0.310601 0.123438 0.026726 0.014617 0.042280 0.013122 0.150944 0.074403 0.147861 0.106658 0.217028 0.021084 0.057544 0.057225 0.154465 0.166821 0.547547 0.335723 0.608061 0.379754 0.620770 0.755502 0.309746 0.511928 0.525203 0.260738 0.293465 0.160594 0.637661 0.571354 0.063050 0.132767 0.644099 0.696484 0.541059 0.251363 0.564888 0.915376 0.284181 0.385767 0.516384 0.499841 0.602650 0.541437 0.459092 0.330392 0.397063 0.572464 0.618023 0.550951 0.888474 0.767784 0.102030 0.387489 0.627648 0.316526 0.647478 0.292984 0.471165 0.614393 0.667405 0.338933 0.841881 0.523355 0.469530 0.719207 0.264875 0.377738 0.686924 0.335403 0.536812 0.597492 0.576484 0.474468 0.651176 0.636307 0.395061 0.316395 0.440702 0.614180 0.588745 0.593219 0.602684 0.626062 0.483622 0.654198 0.373058 0.315540 0.418945 0.389838 0.345894 0.317987 0.269428 0.250079 0.446261 0.382550 0.367343 0.362204 0.198202 0.441029 0.405989 0.128445 0.151429 0.577537 0.333965 0.304547 0.387060 0.432433 0.465661 0.531025 0.278577 0.320263 0.236715 0.479440 0.109352 0.279225 0.326237 0.440218 0.276399 0.386803 0.283355 0.338221 0.442758 0.252776 0.276750 0.208683 0.312220 0.547198 0.600688 0.361235 0.282775 0.267042 0.188133 0.184263 0.467166 
0.280487 0.295594 0.195871 0.018632 0.540263 0.032789 0.134793 0.130444 0.295496 0.294195 1 0.139792 0.113913 0.218546 0.022098 0.116150 0.133753 0.228626 0.092462 0.446165 0.498910 0.518763 0.305661 0.323748 0.454535 0.457448 0.192591 0.138886 0.390892 0.309822 0.129941 0.003793 0.336866 0.166016 0.260424 0.388373 0.419941 0.254789 0.316287 0.517345 0.484736 0.305932 0.256472 0.598004 0.416089 0.271111 0.280289 0.336217 0.282313 0.144712 0.220778 0.146765 0.190133 0.078467 0.283229 0.241054 0.348163 0.140248 0.128901 0.819065 0.618885 0.876909 0.662555 0.890132 1.013402 0.597227 0.789171 0.800653 0.546996 0.576856 0.446908 0.905912 0.843681 0.336620 0.423770 0.910608 0.959358 0.814467 0.538326 0.838206 1.160341 0.571990 0.668041 0.791855 0.777339 0.872781 0.815545 0.738250 0.615053 0.678612 0.844293 0.886636 0.824070 1.135774 1.024918 0.378353 0.668401 0.896221 0.604763 0.914735 0.579875 0.748740 0.883914 0.932528 0.623679 1.093220 0.798981 0.754155 0.985557 0.557289 0.666917 0.955975 0.625925 0.817217 0.873940 0.854116 0.758584 0.923386 0.909316 0.682862 0.607688 0.726132 0.889497 0.865927 0.869871 0.878623 0.899946 0.767737 0.926082 0.661621 0.606158 0.705784 0.677718 0.635503 0.606943 0.559989 0.540360 0.731165 0.669859 0.655732 0.650480 0.489723 0.726540 0.693103 0.421137 0.443970 0.854662 0.622876 0.594803 0.675454 0.719099 0.750348 0.812058 0.569604 0.609715 0.528121 0.763165 0.402105 0.571290 0.616562 0.725448 0.567464 0.674447 0.574116 0.627475 0.727811 0.544644 0.567030 0.501267 0.602895 0.819067 0.869212 0.642357 0.565960 0.551361 0.472957 0.469178 0.744196 
0.144529 0.156235 0.058469 0.125400 0.402983 0.108732 0.005611 0.028704 0.156148 0.155113 0.139792 1 0.027049 0.079963 0.160852 0.030792 0.030565 0.092760 0.231624 0.307961 0.361534 0.380864 0.166614 0.184450 0.315899 0.319948 0.053307 0.003651 0.252279 0.170530 0.019124 0.143325 0.197866 0.046425 0.122045 0.249494 0.281342 0.115369 0.176923 0.380078 0.346892 0.166424 0.118035 0.461126 0.277490 0.132938 0.141491 0.197300 0.143500 0.022516 0.081527 0.010298 0.056326 0.065030 0.145581 0.104558 0.210184 0.013925 0.024715 0.688100 0.482999 0.747738 0.527085 0.761058 0.889441 0.460228 0.656408 0.668396 0.410027 0.441812 0.309082 0.777342 0.712964 0.202053 0.285184 0.782508 0.832913 0.683383 0.401824 0.707464 1.042310 0.434510 0.532540 0.659575 0.644492 0.743222 0.684003 0.604440 0.478569 0.543282 0.713560 0.757441 0.692719 1.016677 0.901363 0.244411 0.534203 0.767286 0.467618 0.786589 0.442818 0.615385 0.754704 0.805006 0.487289 0.972209 0.666668 0.618433 0.857979 0.418881 0.529906 0.827184 0.488152 0.683410 0.741887 0.721512 0.623059 0.793450 0.778408 0.545771 0.469698 0.591332 0.758194 0.733641 0.737842 0.746845 0.769162 0.632548 0.796108 0.524130 0.468441 0.569275 0.540671 0.497906 0.468939 0.421544 0.401773 0.595255 0.532677 0.518474 0.513078 0.350721 0.590386 0.556222 0.282372 0.304940 0.721766 0.485030 0.456605 0.538555 0.583145 0.614965 0.678317 0.431226 0.471931 0.389403 0.627712 0.263014 0.432916 0.478512 0.589309 0.429194 0.537544 0.435890 0.489632 0.591655 0.406337 0.428605 0.362585 0.465080 0.688174 0.739773 0.507100 0.429606 0.414791 0.336133 0.332312 0.611132 
0.171168 0.182783 0.084628 0.100256 0.429460 0.083532 0.022757 0.035365 0.182619 0.181644 0.113913 0.027049 1 0.105562 0.134633 0.023551 0.038470 0.118973 0.205505 0.334571 0.388129 0.407266 0.193253 0.211038 0.342358 0.346676 0.079537 0.026225 0.278914 0.197160 0.025057 0.117479 0.224528 0.066857 0.148891 0.276064 0.307948 0.142027 0.203456 0.406632 0.373438 0.192840 0.144336 0.487273 0.304085 0.159770 0.168060 0.223803 0.170174 0.039573 0.107648 0.034562 0.081329 0.043088 0.172364 0.131235 0.236945 0.031244 0.028302 0.713010 0.508985 0.772386 0.552893 0.785491 0.913085 0.486318 0.681448 0.693457 0.436361 0.468357 0.335558 0.801719 0.737825 0.228707 0.311787 0.806912 0.856887 0.708541 0.428412 0.732412 1.064667 0.460567 0.558235 0.684720 0.669778 0.767932 0.709045 0.629955 0.504487 0.568863 0.738351 0.782037 0.717630 1.039251 0.924863 0.271166 0.560297 0.791694 0.493527 0.810852 0.468961 0.640765 0.779343 0.829229 0.513213 0.995212 0.691737 0.644069 0.882103 0.445035 0.556020 0.851479 0.514357 0.708707 0.766803 0.746570 0.648721 0.818168 0.803084 0.571709 0.495832 0.616953 0.783153 0.758579 0.762693 0.771683 0.793766 0.658178 0.820643 0.550048 0.494882 0.595273 0.566749 0.524160 0.495054 0.447864 0.428043 0.621167 0.558705 0.544716 0.539260 0.377087 0.616335 0.582218 0.309096 0.331518 0.746889 0.511168 0.482876 0.564756 0.609245 0.640862 0.703929 0.457602 0.498275 0.415801 0.653409 0.289649 0.459342 0.504741 0.615137 0.455671 0.563753 0.462312 0.515819 0.617515 0.432911 0.454866 0.389170 0.491552 0.713207 0.764452 0.532945 0.455716 0.441055 0.362764 0.358954 0.636632 
0.072972 0.079671 0.026853 0.203582 0.327635 0.186952 0.084634 0.094224 0.078872 0.077716 0.218546 0.079963 0.105562 1 0.239563 0.104731 0.091155 0.029141 0.310544 0.231477 0.285612 0.305573 0.089901 0.108599 0.239794 0.244273 0.027142 0.081636 0.175416 0.095100 0.089726 0.222164 0.121388 0.069498 0.048989 0.172558 0.204950 0.041109 0.100485 0.304358 0.270463 0.089939 0.040279 0.386455 0.200811 0.059180 0.064416 0.119549 0.067169 0.076677 0.007106 0.072054 0.036564 0.142429 0.071434 0.038444 0.134085 0.078973 0.091791 0.619412 0.410658 0.679273 0.454404 0.691457 0.823761 0.385433 0.584492 0.597736 0.336689 0.369678 0.236101 0.708173 0.643270 0.130266 0.209758 0.714616 0.765776 0.613736 0.328098 0.637074 0.979905 0.359677 0.460038 0.589106 0.573060 0.674103 0.613869 0.532910 0.405293 0.470983 0.644152 0.689111 0.622981 0.953635 0.835640 0.173423 0.462703 0.698258 0.391775 0.717648 0.368671 0.544517 0.685643 0.737424 0.413920 0.908297 0.595915 0.543979 0.788901 0.340816 0.453654 0.757148 0.411608 0.610204 0.669685 0.649130 0.548996 0.722670 0.707749 0.470433 0.392370 0.514741 0.686444 0.660983 0.665203 0.674627 0.697230 0.558046 0.725166 0.448353 0.392377 0.494467 0.465590 0.422192 0.393690 0.345766 0.326126 0.521461 0.458065 0.443541 0.438200 0.274497 0.516351 0.481477 0.205948 0.228456 0.650315 0.409794 0.380812 0.463188 0.508207 0.540840 0.605281 0.355173 0.396724 0.313272 0.554020 0.186466 0.356033 0.402448 0.515194 0.353282 0.462899 0.360076 0.414233 0.517791 0.329969 0.352890 0.285894 0.389129 0.619420 0.671916 0.435634 0.357667 0.342467 0.264069 0.260217 0.540752 
0.302227 0.316784 0.217298 0.040100 0.561416 0.054726 0.155932 0.152360 0.316679 0.315472 0.022098 0.160852 0.134633 0.239563 1 0.137902 0.155650 0.250274 0.071161 0.467470 0.520242 0.539774 0.326968 0.344911 0.475613 0.478889 0.213706 0.159854 0.412225 0.331005 0.151453 0.018902 0.358162 0.188013 0.281912 0.409619 0.441192 0.276010 0.337445 0.538622 0.506014 0.327005 0.277796 0.618815 0.437358 0.292630 0.301643 0.357503 0.303697 0.166332 0.241865 0.167935 0.211707 0.100405 0.304816 0.262741 0.369683 0.161638 0.150476 0.838707 0.639442 0.896456 0.683000 0.909628 1.032235 0.617989 0.809095 0.820504 0.567872 0.598041 0.467873 0.925355 0.863399 0.358476 0.444937 0.929970 0.978407 0.834422 0.559529 0.858084 1.178197 0.592686 0.688367 0.811767 0.797420 0.892414 0.835397 0.758460 0.635573 0.698833 0.863914 0.906109 0.843778 1.153799 1.043669 0.400211 0.689137 0.915634 0.625461 0.934095 0.600622 0.768808 0.903511 0.951744 0.644213 1.111544 0.818843 0.774574 1.004869 0.578326 0.687836 0.975434 0.646877 0.837395 0.893854 0.874113 0.778995 0.943184 0.928948 0.703505 0.628651 0.746973 0.909478 0.885897 0.889792 0.898504 0.919708 0.788217 0.945738 0.682263 0.627278 0.726483 0.698465 0.656424 0.627667 0.580908 0.561223 0.751735 0.690502 0.676588 0.671264 0.510699 0.747143 0.713755 0.442488 0.465161 0.874574 0.643625 0.615695 0.696360 0.739971 0.770999 0.832506 0.590602 0.630649 0.549126 0.783578 0.423363 0.592422 0.637455 0.745956 0.588548 0.695277 0.595142 0.648282 0.748320 0.565867 0.587894 0.522504 0.624020 0.838835 0.888693 0.662768 0.586589 0.572141 0.494082 0.490315 0.764360 
0.164568 0.180907 0.080407 0.100094 0.426494 0.083777 0.025540 0.016353 0.180741 0.179068 0.116150 0.030792 0.023551 0.104731 0.137902 1 0.019377 0.112591 0.208506 0.331364 0.384382 0.405288 0.190537 0.209305 0.340478 0.342578 0.078837 0.031846 0.275798 0.195368 0.015683 0.119695 0.221879 0.051906 0.144912 0.273514 0.305254 0.140223 0.201757 0.403077 0.370138 0.191715 0.141125 0.485542 0.301268 0.155494 0.164911 0.221023 0.166936 0.029084 0.106678 0.034573 0.074357 0.038101 0.167431 0.125089 0.232594 0.026222 0.014951 0.713045 0.508035 0.771685 0.552036 0.784728 0.912271 0.484851 0.680986 0.693165 0.434663 0.464388 0.334140 0.800911 0.737236 0.221157 0.309591 0.806325 0.856561 0.707294 0.425003 0.731114 1.064318 0.459679 0.557907 0.684259 0.668849 0.767029 0.708398 0.629139 0.503913 0.568868 0.738188 0.781646 0.717474 1.038833 0.924093 0.263536 0.557706 0.791244 0.492248 0.810132 0.467695 0.640321 0.778367 0.828877 0.512491 0.994736 0.691419 0.643157 0.881191 0.442895 0.553686 0.850620 0.512342 0.707715 0.765890 0.745651 0.647762 0.816616 0.802769 0.570652 0.493800 0.613557 0.781596 0.757527 0.761671 0.770721 0.792702 0.656695 0.819629 0.549203 0.492231 0.593717 0.565309 0.522287 0.494324 0.446556 0.427104 0.619895 0.557835 0.542997 0.537926 0.375889 0.615047 0.581090 0.306089 0.329396 0.746629 0.510221 0.481504 0.562550 0.606650 0.638891 0.701894 0.455883 0.496551 0.414282 0.652470 0.287281 0.456949 0.503222 0.614200 0.453548 0.561952 0.460406 0.514614 0.616631 0.430181 0.453781 0.386581 0.488963 0.712714 0.764273 0.532323 0.454880 0.439680 0.360151 0.356313 0.635731 
0.147437 0.165956 0.065541 0.117038 0.410676 0.101098 0.027419 0.008209 0.165727 0.163676 0.133753 0.030565 0.038470 0.091155 0.155650 0.019377 1 0.095830 0.225911 0.315357 0.368147 0.389953 0.175069 0.194355 0.325144 0.326218 0.066390 0.033057 0.259863 0.180481 0.015579 0.137274 0.206345 0.033222 0.129189 0.257858 0.289534 0.125715 0.186800 0.386950 0.354061 0.177105 0.125610 0.470375 0.285464 0.139522 0.149305 0.205311 0.151315 0.015833 0.093038 0.029064 0.058078 0.055416 0.151029 0.108468 0.216195 0.020119 0.013078 0.699561 0.493537 0.757941 0.537535 0.770810 0.898996 0.469788 0.666812 0.679243 0.419695 0.448530 0.319405 0.787043 0.723340 0.203530 0.294218 0.792740 0.843240 0.693097 0.409191 0.716805 1.051869 0.444889 0.543668 0.670280 0.654521 0.753099 0.694396 0.614828 0.489460 0.554812 0.724522 0.768059 0.703751 1.026235 0.910844 0.246006 0.542579 0.777547 0.477138 0.796346 0.452816 0.626278 0.764420 0.815453 0.497958 0.981937 0.677471 0.628358 0.867305 0.427094 0.537995 0.836595 0.496759 0.693084 0.751468 0.731191 0.632999 0.802148 0.788850 0.555662 0.478119 0.597368 0.766960 0.742977 0.747145 0.756284 0.778280 0.641638 0.805381 0.534253 0.476416 0.578567 0.550171 0.506871 0.479507 0.431422 0.412171 0.605015 0.543022 0.527751 0.522867 0.360806 0.600122 0.566142 0.290190 0.313888 0.732577 0.495299 0.466319 0.547025 0.591011 0.623657 0.686806 0.440514 0.481276 0.399021 0.637762 0.271705 0.441155 0.487925 0.599430 0.438008 0.546709 0.444980 0.499547 0.601914 0.414309 0.438755 0.370762 0.473188 0.698980 0.750837 0.518093 0.440494 0.424993 0.344940 0.341086 0.621546 
0.053142 0.073025 0.034776 0.212454 0.316911 0.196233 0.096751 0.099256 0.072438 0.069454 0.228626 0.092760 0.118973 0.029141 0.250274 0.112591 0.095830 1 0.320909 0.220603 0.273829 0.296318 0.080762 0.101227 0.230988 0.231808 0.043710 0.094787 0.164834 0.087859 0.099064 0.232184 0.111880 0.066697 0.036174 0.163029 0.194919 0.037813 0.093524 0.292841 0.259453 0.084832 0.032398 0.377464 0.190657 0.045412 0.054842 0.110188 0.056993 0.084126 0.027368 0.084455 0.039125 0.150551 0.056066 0.015447 0.121056 0.089254 0.100155 0.612264 0.402403 0.671339 0.446365 0.683805 0.815914 0.376859 0.577221 0.590425 0.327492 0.357048 0.227536 0.700425 0.635540 0.110801 0.200356 0.706883 0.758516 0.605012 0.316425 0.628555 0.972964 0.351983 0.452724 0.581498 0.564956 0.665996 0.606032 0.524832 0.397745 0.464128 0.636939 0.681553 0.615761 0.946567 0.827959 0.154472 0.452042 0.690888 0.383767 0.710048 0.360258 0.536881 0.677488 0.730033 0.406168 0.900993 0.588584 0.536200 0.781220 0.332001 0.444120 0.749576 0.402508 0.602311 0.661978 0.641342 0.541062 0.714094 0.700643 0.462486 0.383484 0.504351 0.677851 0.653189 0.657504 0.666928 0.689543 0.549559 0.717396 0.440809 0.382189 0.485713 0.457001 0.413074 0.386171 0.337520 0.318471 0.512925 0.450184 0.434473 0.429679 0.266706 0.507816 0.473277 0.195364 0.219329 0.643105 0.401929 0.372435 0.453579 0.498085 0.531488 0.595854 0.346342 0.387687 0.304823 0.546017 0.177094 0.346396 0.393912 0.507207 0.343803 0.453678 0.350905 0.406010 0.509801 0.319691 0.344967 0.275931 0.378984 0.611548 0.664484 0.427722 0.349559 0.333603 0.253351 0.249461 0.532387 
0.372530 0.387374 0.288164 0.109085 0.630821 0.124983 0.226749 0.222504 0.387340 0.386160 0.092462 0.231624 0.205505 0.310544 0.071161 0.208506 0.225911 0.320909 1 0.537534 0.589964 0.609268 0.397548 0.415309 0.545563 0.548726 0.284595 0.230510 0.482551 0.401414 0.222336 0.088878 0.428601 0.257783 0.352455 0.479961 0.511329 0.346626 0.407941 0.608218 0.575920 0.397537 0.348650 0.687752 0.507564 0.363145 0.372356 0.428120 0.374337 0.237105 0.312756 0.238886 0.282487 0.170680 0.375293 0.333198 0.440042 0.232589 0.221296 0.904126 0.707541 0.961278 0.750948 0.974741 1.094680 0.686965 0.875909 0.886815 0.636685 0.666298 0.537135 0.990189 0.929000 0.428270 0.514861 0.994284 1.041978 0.900217 0.628486 0.923952 1.237823 0.661799 0.756236 0.878064 0.864172 0.957537 0.901384 0.825545 0.703998 0.766570 0.929413 0.970850 0.909562 1.213949 1.106009 0.469501 0.756638 0.980506 0.694694 0.998741 0.669496 0.835572 0.968515 1.015762 0.712622 1.172521 0.885199 0.842870 1.069364 0.648532 0.757129 1.040560 0.716446 0.904815 0.960502 0.940958 0.847128 1.008884 0.994774 0.772462 0.698501 0.815969 0.975837 0.952768 0.956594 0.965097 0.985987 0.856421 1.011469 0.751447 0.696797 0.795165 0.767377 0.725719 0.696930 0.650512 0.630850 0.819950 0.759313 0.745570 0.740252 0.580656 0.815490 0.782502 0.512708 0.535323 0.941178 0.712829 0.685186 0.765372 0.808623 0.839201 0.899940 0.660260 0.699903 0.618942 0.851593 0.493658 0.662322 0.706949 0.814300 0.658185 0.764079 0.664716 0.717532 0.816598 0.635703 0.657454 0.592558 0.693535 0.904286 0.953396 0.730444 0.654882 0.640637 0.562974 0.559239 0.830979 
0.169753 0.152762 0.252273 0.430693 0.097736 0.414460 0.312718 0.317855 0.153148 0.154136 0.446165 0.307961 0.334571 0.231477 0.467470 0.331364 0.315357 0.220603 0.537534 1 0.055104 0.078371 0.142234 0.124920 0.022176 0.018662 0.255792 0.309108 0.056418 0.138602 0.317792 0.449641 0.110827 0.285038 0.187140 0.059604 0.027782 0.193251 0.132351 0.073845 0.039526 0.143475 0.192555 0.159940 0.031169 0.176571 0.167925 0.112373 0.165548 0.303575 0.228193 0.301064 0.259123 0.369008 0.164976 0.207441 0.100001 0.307515 0.319531 0.405547 0.189469 0.466027 0.232391 0.478992 0.618550 0.159634 0.366925 0.380847 0.113613 0.145026 0.045185 0.496220 0.427889 0.120505 0.029991 0.503229 0.557706 0.396410 0.100717 0.420372 0.785277 0.136123 0.239707 0.371845 0.353790 0.459826 0.397158 0.312619 0.183839 0.251899 0.429761 0.476320 0.407759 0.757184 0.631448 0.088674 0.239066 0.486278 0.166984 0.506689 0.144247 0.326038 0.471819 0.527409 0.191621 0.708334 0.378906 0.321179 0.579628 0.116380 0.226074 0.546339 0.183807 0.390097 0.453055 0.431143 0.325908 0.507933 0.493735 0.245360 0.165773 0.293230 0.469424 0.444224 0.449116 0.458692 0.483583 0.334797 0.512098 0.223984 0.162688 0.268505 0.239320 0.194315 0.169967 0.120652 0.104085 0.296747 0.233500 0.216222 0.211971 0.057522 0.291347 0.256247 0.033258 0.027242 0.432836 0.184925 0.154609 0.235231 0.280946 0.315457 0.382485 0.128068 0.169331 0.088810 0.331070 0.051808 0.127496 0.175595 0.291252 0.125029 0.235663 0.132276 0.188406 0.293986 0.100468 0.128596 0.058784 0.159498 0.404268 0.459394 0.216521 0.140391 0.123180 0.055787 0.053299 0.321833 
0.222359 0.207245 0.305887 0.483310 0.045722 0.467224 0.366223 0.370632 0.207670 0.208493 0.498910 0.361534 0.388129 0.285612 0.520242 0.384382 0.368147 0.273829 0.589964 0.055104 1 0.038628 0.196598 0.179533 0.054916 0.043035 0.309708 0.362687 0.111140 0.193083 0.371064 0.502358 0.165373 0.337425 0.240866 0.114605 0.082567 0.247423 0.186995 0.019515 0.017232 0.198153 0.246554 0.110356 0.086223 0.230230 0.222042 0.166906 0.219628 0.356753 0.282315 0.354657 0.312405 0.421819 0.218386 0.260601 0.153452 0.360920 0.372695 0.357913 0.143518 0.416934 0.184117 0.429791 0.570366 0.111031 0.317711 0.332012 0.071851 0.094568 0.073672 0.447014 0.378640 0.170085 0.081316 0.454409 0.509532 0.346380 0.051173 0.370044 0.739267 0.092349 0.192832 0.322890 0.303827 0.410264 0.347821 0.263252 0.138540 0.205645 0.381241 0.427601 0.359285 0.710796 0.583459 0.132405 0.187945 0.437462 0.118923 0.457729 0.098275 0.277544 0.422200 0.478963 0.145120 0.661270 0.330020 0.271606 0.531278 0.074737 0.174571 0.497880 0.133972 0.340182 0.403666 0.381460 0.276020 0.458058 0.445291 0.196320 0.117607 0.242428 0.419206 0.394831 0.399839 0.409407 0.434709 0.284125 0.463146 0.176277 0.111516 0.217929 0.189474 0.144346 0.125754 0.079424 0.070048 0.246526 0.185571 0.166242 0.163277 0.053208 0.241217 0.206960 0.085712 0.069461 0.384211 0.138733 0.108822 0.183658 0.228472 0.263816 0.330912 0.083232 0.121081 0.055402 0.281353 0.105764 0.080349 0.127832 0.241771 0.078761 0.185070 0.085969 0.141174 0.244769 0.054320 0.087482 0.034641 0.108811 0.355755 0.411264 0.171051 0.101896 0.084529 0.056544 0.057751 0.272895 
0.246275 0.226675 0.326849 0.503845 0.029345 0.487624 0.385776 0.392004 0.227305 0.228988 0.518763 0.380864 0.407266 0.305573 0.539774 0.405288 0.389953 0.296318 0.609268 0.078371 0.038628 1 0.217027 0.198061 0.066619 0.071726 0.329411 0.381735 0.132859 0.211831 0.391781 0.522177 0.185502 0.360146 0.261956 0.134591 0.102313 0.266904 0.205846 0.029877 0.044847 0.216491 0.267774 0.083067 0.106928 0.251732 0.243083 0.187951 0.240568 0.378043 0.302042 0.374543 0.334358 0.442567 0.240815 0.282888 0.176867 0.381440 0.393870 0.329322 0.111973 0.391712 0.154763 0.406301 0.547502 0.082580 0.291963 0.304794 0.038748 0.080490 0.077399 0.423596 0.352845 0.197419 0.097045 0.429493 0.485045 0.321400 0.037672 0.346604 0.717380 0.058637 0.161847 0.295690 0.278142 0.385784 0.321615 0.235790 0.105802 0.174105 0.354243 0.401585 0.331859 0.688785 0.560976 0.161756 0.164652 0.412779 0.093213 0.434358 0.066070 0.249088 0.398198 0.453879 0.113533 0.638576 0.302902 0.246277 0.509000 0.062822 0.154426 0.475458 0.111889 0.316076 0.380373 0.357658 0.250404 0.436514 0.420187 0.169947 0.098296 0.230169 0.397410 0.372235 0.377504 0.386617 0.413025 0.261091 0.440850 0.149260 0.091001 0.193123 0.163612 0.119686 0.094386 0.048441 0.037462 0.220340 0.156831 0.140202 0.135528 0.045666 0.215079 0.180109 0.105711 0.083439 0.357445 0.108923 0.080194 0.161084 0.207908 0.240922 0.308829 0.055772 0.093558 0.029471 0.255244 0.123788 0.061231 0.101593 0.214910 0.053466 0.159629 0.059019 0.112775 0.217384 0.038069 0.055864 0.037984 0.087448 0.328354 0.384019 0.139303 0.067079 0.051243 0.058558 0.061381 0.245232 
0.038695 0.012155 0.110764 0.290307 0.238873 0.273880 0.171377 0.177593 0.012586 0.012489 0.305661 0.166614 0.193253 0.089901 0.326968 0.190537 0.175069 0.080762 0.397548 0.142234 0.196598 0.217027 1 0.021475 0.151101 0.154924 0.113996 0.167871 0.086028 0.011977 0.176594 0.309189 0.031725 0.146204 0.046207 0.083375 0.115628 0.051531 0.014270 0.215431 0.181521 0.013384 0.051291 0.298779 0.111535 0.036400 0.026353 0.031200 0.023926 0.162574 0.086347 0.159533 0.118368 0.228438 0.028001 0.068082 0.045644 0.166148 0.178501 0.536003 0.323769 0.596735 0.367957 0.609754 0.744685 0.297982 0.500652 0.513751 0.248630 0.281236 0.148416 0.626642 0.559978 0.055079 0.120633 0.632897 0.685529 0.529481 0.239179 0.553565 0.905187 0.272437 0.374028 0.504860 0.488327 0.591350 0.529967 0.447397 0.318573 0.385383 0.561090 0.606698 0.539519 0.878188 0.757084 0.091494 0.375444 0.616561 0.305061 0.636524 0.281090 0.459495 0.603152 0.656297 0.327113 0.831351 0.511911 0.458071 0.708413 0.253624 0.366185 0.676099 0.323788 0.525498 0.586388 0.565273 0.462931 0.640119 0.625183 0.383455 0.304982 0.429816 0.603031 0.577696 0.582240 0.591657 0.615226 0.472212 0.643286 0.361530 0.303689 0.407248 0.378103 0.334111 0.306233 0.257589 0.238282 0.434498 0.370776 0.355459 0.350347 0.186436 0.429264 0.394263 0.116426 0.139531 0.566123 0.322188 0.292746 0.375299 0.420742 0.453997 0.519491 0.266733 0.308330 0.224877 0.467833 0.097456 0.267503 0.314511 0.428550 0.264465 0.374914 0.271443 0.326430 0.431030 0.240861 0.264950 0.196809 0.300323 0.535589 0.589244 0.349301 0.270723 0.254908 0.175761 0.171886 0.455381 
0.058587 0.029093 0.130022 0.308737 0.220811 0.292277 0.189371 0.196509 0.030293 0.032921 0.323748 0.184450 0.211038 0.108599 0.344911 0.209305 0.194355 0.101227 0.415309 0.124920 0.179533 0.198061 0.021475 1 0.132142 0.138282 0.132278 0.185473 0.069388 0.014018 0.195389 0.327242 0.016150 0.165856 0.065771 0.065798 0.097653 0.069371 0.008586 0.198067 0.164225 0.019404 0.071552 0.279877 0.093952 0.056456 0.047049 0.020883 0.044391 0.181756 0.104766 0.177851 0.138258 0.247011 0.048472 0.088198 0.035823 0.184872 0.197594 0.516447 0.303986 0.578048 0.348449 0.591673 0.726970 0.278970 0.481907 0.494574 0.229096 0.263342 0.128204 0.608579 0.541130 0.057016 0.101543 0.614370 0.667289 0.510683 0.221023 0.535266 0.888299 0.252968 0.354241 0.485645 0.469447 0.572847 0.510980 0.428089 0.298757 0.365481 0.541980 0.587828 0.520288 0.861175 0.739556 0.084128 0.356718 0.598162 0.286481 0.618524 0.261655 0.439988 0.584796 0.637797 0.307432 0.813944 0.492761 0.439277 0.690807 0.236186 0.348242 0.658411 0.305508 0.507029 0.568247 0.546944 0.444035 0.622445 0.606634 0.364481 0.287111 0.413776 0.585202 0.559741 0.564395 0.573685 0.597652 0.453890 0.625540 0.342527 0.285462 0.388452 0.359145 0.315386 0.286655 0.238270 0.218677 0.415380 0.351329 0.336428 0.331081 0.167041 0.410156 0.375110 0.098770 0.120837 0.547003 0.302753 0.273581 0.356856 0.402680 0.435543 0.501290 0.247768 0.289202 0.205709 0.448788 0.079188 0.249343 0.295620 0.409375 0.245667 0.355938 0.252506 0.307172 0.411711 0.222645 0.245524 0.178611 0.281960 0.516245 0.570017 0.329327 0.250565 0.235023 0.156519 0.152666 0.435954 
