
---	Treino para o 0-fold	---
Max epochs   100000. Desired error: 0.0010000000.
Epochs            1. Current error: 0.2304818332. Bit fail 1934.
Epochs           34. Current error: 0.0009306499. Bit fail 2.

---	Treino para o 1-fold	---
Max epochs   100000. Desired error: 0.0010000000.
Epochs            1. Current error: 0.0006514362. Bit fail 0.

---	Treino para o 2-fold	---
Max epochs   100000. Desired error: 0.0010000000.
Epochs            1. Current error: 0.0007033328. Bit fail 2.

---	Treino para o 3-fold	---
Max epochs   100000. Desired error: 0.0010000000.
Epochs            1. Current error: 0.0004709421. Bit fail 1.

---	Treino para o 4-fold	---
Max epochs   100000. Desired error: 0.0010000000.
Epochs            1. Current error: 0.0003734880. Bit fail 0.

---	Treino para o 5-fold	---
Max epochs   100000. Desired error: 0.0010000000.
Epochs            1. Current error: 0.0003087691. Bit fail 0.

---	Treino para o 6-fold	---
Max epochs   100000. Desired error: 0.0010000000.
Epochs            1. Current error: 0.0002860466. Bit fail 0.

---	Treino para o 7-fold	---
Max epochs   100000. Desired error: 0.0010000000.
Epochs            1. Current error: 0.0001935579. Bit fail 0.

---	Treino para o 8-fold	---
Max epochs   100000. Desired error: 0.0010000000.
Epochs            1. Current error: 0.0004103580. Bit fail 0.

---	Treino para o 9-fold	---
Max epochs   100000. Desired error: 0.0010000000.
Epochs            1. Current error: 0.0003063027. Bit fail 0.



>>>	ACURACIA: 0.013434
>>>	Hidden neurons: 8

1 0.013544 0.068786 0.177254 0.233401 0.168450 0.110831 0.108193 0.010498 0.007420 0.186288 0.107571 0.125428 0.056993 0.198599 0.119068 0.106410 0.042139 0.231473 0.139125 0.196110 0.203707 0.015737 0.030318 0.139851 0.154036 0.073746 0.108331 0.086019 0.023788 0.111759 0.188007 0.040851 0.082951 0.021034 0.082237 0.112054 0.029891 0.025276 0.214322 0.178061 0.018327 0.026201 0.286075 0.109698 0.013436 0.008401 0.037750 0.008179 0.101745 0.054752 0.103390 0.071360 0.141444 0.005009 0.032171 0.053421 0.105904 0.112167 0.522097 0.306966 0.590888 0.350744 0.600588 0.740321 0.281658 0.482042 0.493329 0.237526 0.289327 0.141529 0.616270 0.546427 0.051886 0.116653 0.626191 0.673100 0.528478 0.241149 0.552459 0.878821 0.250146 0.346798 0.486609 0.475648 0.586596 0.516556 0.429295 0.293754 0.354564 0.540860 0.592365 0.518360 0.856058 0.751301 0.094141 0.376774 0.603213 0.286648 0.627415 0.266147 0.441618 0.598776 0.645418 0.305302 0.816007 0.491158 0.420220 0.684925 0.227729 0.354067 0.651186 0.297677 0.496896 0.559227 0.538910 0.426471 0.636351 0.580585 0.344664 0.280235 0.454307 0.597268 0.559290 0.563448 0.568904 0.597677 0.450896 0.622678 0.317859 0.282883 0.377786 0.342244 0.304437 0.253713 0.214097 0.192346 0.398610 0.320908 0.319190 0.306599 0.144248 0.390338 0.352830 0.098845 0.113198 0.513427 0.272948 0.249282 0.354849 0.414291 0.437591 0.513034 0.228023 0.269770 0.185227 0.427204 0.077710 0.236172 0.272839 0.386638 0.229964 0.341829 0.236143 0.279692 0.384472 0.213830 0.217257 0.168278 0.274788 0.522938 0.573482 0.327291 0.251581 0.240147 0.171786 0.167911 0.440307 
0.013544 1 0.073194 0.181012 0.229294 0.172201 0.113881 0.111844 0.003084 0.006202 0.189849 0.110470 0.128633 0.061633 0.202156 0.122900 0.110754 0.048269 0.234946 0.135377 0.192496 0.198734 0.009856 0.021710 0.134927 0.150609 0.077204 0.110886 0.082466 0.012350 0.115843 0.191528 0.035504 0.087399 0.023469 0.078024 0.107778 0.030712 0.016748 0.210591 0.174466 0.006665 0.032648 0.281206 0.105421 0.015266 0.012997 0.034815 0.010248 0.106054 0.058178 0.106982 0.076542 0.145126 0.008728 0.036591 0.050252 0.109915 0.116561 0.515080 0.300502 0.584995 0.344789 0.595780 0.734941 0.276846 0.476992 0.487457 0.231317 0.283870 0.134012 0.611466 0.540751 0.051215 0.110832 0.620361 0.667414 0.522711 0.235995 0.547566 0.873463 0.244769 0.340660 0.480691 0.470382 0.581138 0.510823 0.423520 0.287670 0.348215 0.534829 0.586331 0.512262 0.850755 0.746105 0.091011 0.371201 0.597879 0.282570 0.622560 0.260409 0.435321 0.593509 0.639539 0.299283 0.810499 0.485397 0.418290 0.682354 0.228104 0.352931 0.648890 0.296807 0.494638 0.557089 0.536455 0.424084 0.634205 0.577695 0.342712 0.279772 0.454654 0.595334 0.557552 0.561661 0.566882 0.595989 0.449242 0.620572 0.316192 0.281932 0.375987 0.340443 0.303025 0.251522 0.212516 0.190726 0.396193 0.318664 0.317269 0.304577 0.143790 0.388180 0.350879 0.100160 0.113906 0.510464 0.270994 0.247860 0.353497 0.413111 0.435766 0.511153 0.226875 0.267817 0.184332 0.424983 0.080032 0.236084 0.271658 0.384196 0.229022 0.339835 0.234861 0.278050 0.382084 0.213489 0.215650 0.168582 0.273953 0.516335 0.566820 0.320423 0.244384 0.233278 0.164630 0.160777 0.433997 
0.068786 0.073194 1 0.108744 0.300943 0.099906 0.042576 0.039518 0.072273 0.071331 0.117814 0.039521 0.056959 0.011798 0.130186 0.050370 0.037741 0.027115 0.163206 0.207268 0.263965 0.271020 0.081781 0.094880 0.207529 0.222286 0.007007 0.040738 0.154407 0.084947 0.043041 0.119542 0.108254 0.014237 0.049854 0.150393 0.180127 0.043030 0.089934 0.282016 0.246001 0.079693 0.042625 0.352850 0.177765 0.058319 0.062161 0.106129 0.064420 0.033068 0.015371 0.034773 0.005365 0.072808 0.069082 0.036961 0.121868 0.037175 0.043561 0.584949 0.372383 0.654155 0.416284 0.664198 0.802398 0.348472 0.546717 0.557513 0.303720 0.355922 0.206640 0.679788 0.610317 0.120594 0.183785 0.689149 0.735539 0.592631 0.308190 0.616759 0.939276 0.316867 0.412201 0.550872 0.540455 0.650239 0.580742 0.494334 0.359628 0.419665 0.604456 0.655485 0.582142 0.916780 0.813276 0.162689 0.442603 0.666592 0.353621 0.690759 0.332534 0.506049 0.662395 0.708113 0.371148 0.877127 0.555459 0.485752 0.747688 0.293776 0.419868 0.714223 0.364002 0.561659 0.623223 0.603287 0.492141 0.699640 0.644524 0.411057 0.346396 0.517626 0.660887 0.623061 0.627127 0.632714 0.660923 0.516008 0.685984 0.384392 0.349473 0.443762 0.408640 0.371044 0.321049 0.281615 0.260137 0.464644 0.387636 0.385913 0.373462 0.211918 0.456395 0.419135 0.165863 0.180508 0.578194 0.340032 0.316373 0.420795 0.479515 0.502821 0.577548 0.295129 0.336925 0.252701 0.492653 0.144374 0.302450 0.339456 0.452656 0.297083 0.408333 0.303375 0.346572 0.450579 0.280657 0.284695 0.235158 0.341356 0.586278 0.636087 0.391966 0.316422 0.305543 0.237198 0.233383 0.504683 
0.177254 0.181012 0.108744 1 0.406784 0.008868 0.067571 0.069529 0.180344 0.179584 0.009410 0.071097 0.052781 0.120438 0.021614 0.058475 0.071214 0.135537 0.054690 0.314382 0.370316 0.377029 0.189937 0.202438 0.314456 0.329409 0.104156 0.071099 0.262169 0.192239 0.065791 0.011214 0.216188 0.094677 0.158123 0.258100 0.287502 0.150575 0.197652 0.388062 0.352566 0.187336 0.151175 0.457560 0.285142 0.166607 0.170563 0.214247 0.172743 0.075795 0.123137 0.074340 0.106340 0.036091 0.177483 0.145524 0.229894 0.071629 0.065463 0.683870 0.475899 0.752699 0.519389 0.762733 0.898361 0.453244 0.647432 0.657863 0.408636 0.460622 0.312077 0.778150 0.709903 0.228802 0.290690 0.787060 0.832426 0.692698 0.413658 0.716560 1.032362 0.421950 0.515273 0.651402 0.641502 0.749155 0.680924 0.596223 0.463652 0.522388 0.703818 0.753920 0.681921 1.010304 0.908951 0.270518 0.545784 0.764994 0.458344 0.788812 0.437231 0.607253 0.761147 0.805599 0.475008 0.971484 0.655939 0.587497 0.844096 0.397913 0.522406 0.811167 0.467696 0.661878 0.722007 0.702747 0.594055 0.797003 0.743198 0.514451 0.450050 0.616248 0.758923 0.721488 0.725393 0.731160 0.758380 0.616989 0.783444 0.488160 0.453616 0.546374 0.512063 0.475013 0.426277 0.387360 0.366394 0.567243 0.491637 0.489929 0.477745 0.318516 0.559068 0.522359 0.272554 0.287236 0.678427 0.444810 0.421342 0.523517 0.580874 0.604007 0.677305 0.400277 0.441812 0.358676 0.594226 0.251261 0.406669 0.443646 0.555280 0.402295 0.511901 0.408641 0.451043 0.553352 0.385712 0.390307 0.340824 0.445544 0.685660 0.734189 0.494566 0.420091 0.409811 0.342327 0.338615 0.605818 
0.233401 0.229294 0.300943 0.406784 1 0.398207 0.341345 0.339332 0.229830 0.230547 0.415427 0.338029 0.355758 0.289275 0.427359 0.350056 0.337959 0.275004 0.459210 0.094741 0.038119 0.033820 0.220436 0.208341 0.095380 0.080387 0.305298 0.338412 0.147951 0.218595 0.343068 0.417063 0.194236 0.315007 0.252195 0.151953 0.122121 0.259719 0.212919 0.020087 0.055887 0.223263 0.259164 0.055123 0.124445 0.243724 0.239661 0.195959 0.237494 0.333292 0.286415 0.334518 0.303638 0.371838 0.232886 0.264659 0.180378 0.337254 0.343561 0.302389 0.088461 0.366451 0.124803 0.374807 0.517910 0.050642 0.254181 0.267556 0.039537 0.061804 0.107316 0.390707 0.320570 0.183085 0.120577 0.402260 0.450250 0.301981 0.020763 0.324956 0.660513 0.029165 0.122577 0.260799 0.247530 0.360782 0.290237 0.201979 0.072646 0.131919 0.316439 0.368686 0.293840 0.637059 0.529101 0.140254 0.147710 0.378055 0.054586 0.402185 0.045278 0.217063 0.372889 0.422208 0.082157 0.596083 0.264913 0.198608 0.464720 0.076940 0.140453 0.431362 0.092863 0.274292 0.338334 0.316052 0.202011 0.416392 0.357219 0.123548 0.085805 0.252450 0.377625 0.340604 0.344771 0.348832 0.380092 0.231057 0.403023 0.100866 0.080056 0.157192 0.122395 0.091470 0.041735 0.046091 0.056352 0.173604 0.098193 0.099219 0.086577 0.101062 0.166862 0.131515 0.145896 0.132043 0.288203 0.058605 0.051993 0.138953 0.198273 0.216909 0.292391 0.051468 0.056026 0.068371 0.204198 0.166253 0.070736 0.069988 0.161922 0.054886 0.120228 0.049958 0.068134 0.159818 0.065170 0.044916 0.090649 0.076085 0.300624 0.352664 0.111682 0.062836 0.052919 0.080793 0.083381 0.215998 
0.168450 0.172201 0.099906 0.008868 0.398207 1 0.058740 0.060666 0.171532 0.170773 0.018044 0.062274 0.043960 0.111609 0.030404 0.049614 0.062386 0.126726 0.063512 0.305694 0.361702 0.368411 0.181127 0.193640 0.305757 0.320729 0.095304 0.062320 0.253422 0.183440 0.056944 0.019820 0.207396 0.085838 0.149292 0.249346 0.278778 0.141745 0.188850 0.379474 0.343932 0.178527 0.142362 0.449060 0.276418 0.157782 0.161746 0.205465 0.163925 0.066962 0.114298 0.065480 0.097533 0.027225 0.168669 0.136692 0.221122 0.062778 0.056652 0.675780 0.467439 0.744701 0.510989 0.754779 0.890610 0.444741 0.639277 0.649707 0.400067 0.452105 0.303410 0.770211 0.701823 0.220033 0.281967 0.779120 0.824580 0.684574 0.405082 0.708495 1.024859 0.413399 0.506867 0.643228 0.633312 0.741144 0.672790 0.587938 0.455165 0.514002 0.695741 0.745924 0.673804 1.002765 0.901233 0.261772 0.537396 0.757031 0.449866 0.780899 0.428701 0.599003 0.753158 0.797693 0.466539 0.963865 0.647776 0.579330 0.836393 0.389526 0.514172 0.803422 0.459358 0.653843 0.714101 0.694777 0.585867 0.789225 0.735287 0.506135 0.441714 0.608366 0.751089 0.713619 0.717536 0.723286 0.750597 0.608894 0.775657 0.479812 0.445238 0.538130 0.503747 0.466650 0.417791 0.378830 0.357817 0.558994 0.483263 0.481558 0.469348 0.309907 0.550816 0.514059 0.263924 0.278609 0.670377 0.436367 0.412884 0.515266 0.572748 0.595890 0.669317 0.391802 0.433360 0.350126 0.586069 0.242607 0.398277 0.435259 0.547026 0.393818 0.503570 0.400158 0.442631 0.545086 0.377246 0.381788 0.332298 0.437161 0.677553 0.726189 0.486163 0.411580 0.401266 0.333698 0.329979 0.597573 
0.110831 0.113881 0.042576 0.067571 0.341345 0.058740 1 0.005639 0.113336 0.112730 0.076328 0.003600 0.014815 0.054172 0.088714 0.011117 0.011626 0.069660 0.121692 0.248291 0.304767 0.311093 0.122977 0.135275 0.248028 0.263444 0.037157 0.005009 0.195723 0.125004 0.009084 0.078004 0.149262 0.029295 0.091075 0.191494 0.221064 0.083287 0.130524 0.322657 0.286886 0.120141 0.084874 0.392444 0.218702 0.099607 0.103780 0.147645 0.105853 0.013452 0.056161 0.008488 0.041377 0.031669 0.110707 0.078769 0.163342 0.009253 0.011895 0.621001 0.410644 0.690766 0.454655 0.701451 0.838332 0.388120 0.584660 0.594837 0.342725 0.395205 0.245389 0.716980 0.647463 0.162630 0.223956 0.725553 0.771634 0.629911 0.347945 0.654450 0.974117 0.356360 0.450457 0.588240 0.578407 0.687258 0.618085 0.532322 0.398311 0.457659 0.641298 0.691965 0.619106 0.951823 0.849211 0.204158 0.481215 0.703484 0.393611 0.727802 0.371681 0.543457 0.699465 0.744321 0.409797 0.912362 0.592901 0.525694 0.785389 0.335297 0.460407 0.752262 0.405028 0.600902 0.662009 0.642163 0.531934 0.737913 0.682888 0.451562 0.387538 0.557415 0.699509 0.661907 0.665888 0.671432 0.699442 0.555810 0.724308 0.425141 0.390617 0.484063 0.449222 0.411963 0.362066 0.323019 0.301688 0.504671 0.428224 0.426649 0.414244 0.253865 0.496568 0.459583 0.208087 0.222690 0.617096 0.380996 0.357596 0.461313 0.519646 0.542606 0.616809 0.336489 0.377928 0.294384 0.532393 0.186716 0.343859 0.380508 0.492670 0.338552 0.448884 0.344746 0.387556 0.490676 0.322247 0.326043 0.277063 0.382551 0.622774 0.672040 0.429617 0.354372 0.343932 0.275902 0.272150 0.542056 
0.108193 0.111844 0.039518 0.069529 0.339332 0.060666 0.005639 1 0.111161 0.110418 0.078511 0.006356 0.017598 0.051261 0.090919 0.011165 0.006033 0.066588 0.123988 0.246109 0.302601 0.309276 0.120765 0.133375 0.246100 0.261193 0.034705 0.009152 0.193457 0.123196 0.005352 0.080228 0.147146 0.025670 0.088798 0.189334 0.218958 0.081282 0.128549 0.320536 0.284703 0.118198 0.082091 0.390702 0.216595 0.097325 0.101362 0.145291 0.103521 0.008197 0.053776 0.004869 0.037750 0.033455 0.108296 0.076224 0.161008 0.003704 0.007839 0.620228 0.409406 0.689666 0.453317 0.700003 0.837181 0.386358 0.583189 0.593638 0.341298 0.393628 0.244083 0.715537 0.646243 0.159989 0.222174 0.724464 0.770543 0.628700 0.346225 0.652976 0.973072 0.354718 0.449169 0.587045 0.576987 0.686003 0.616854 0.531011 0.396935 0.456451 0.640198 0.690913 0.618006 0.950743 0.848011 0.201819 0.479775 0.702211 0.391651 0.726390 0.370164 0.542338 0.698157 0.743266 0.408418 0.911318 0.591660 0.523218 0.783288 0.332189 0.457685 0.750053 0.402211 0.598574 0.659688 0.639921 0.529591 0.735641 0.680812 0.449047 0.384621 0.554340 0.697147 0.659473 0.663474 0.669086 0.697022 0.553271 0.722020 0.422537 0.387815 0.481525 0.446662 0.409284 0.359573 0.320366 0.299038 0.502313 0.425775 0.424107 0.411724 0.250993 0.494130 0.457071 0.204993 0.219652 0.614987 0.378450 0.354910 0.458646 0.516959 0.540117 0.614378 0.333740 0.375379 0.291578 0.530012 0.183556 0.340860 0.377774 0.490321 0.335744 0.446375 0.342020 0.384934 0.488305 0.319307 0.323400 0.274011 0.379720 0.621852 0.671200 0.428548 0.353276 0.342708 0.274605 0.270835 0.540943 
0.010498 0.003084 0.072273 0.180344 0.229830 0.171532 0.113336 0.111161 1 0.003121 0.189228 0.109955 0.128066 0.060620 0.201539 0.122185 0.109912 0.046868 0.234353 0.135796 0.192908 0.199470 0.009662 0.022996 0.135628 0.150964 0.076507 0.110451 0.082776 0.014445 0.115065 0.190917 0.036048 0.086502 0.022525 0.078484 0.108299 0.030301 0.017894 0.211034 0.174867 0.008676 0.031035 0.281927 0.105940 0.014043 0.010929 0.034730 0.008262 0.105213 0.057422 0.106306 0.075454 0.144461 0.005793 0.035464 0.050359 0.109147 0.115712 0.516317 0.301610 0.585956 0.345773 0.596480 0.735774 0.277552 0.477753 0.488416 0.232360 0.284739 0.135357 0.612165 0.541661 0.050751 0.111735 0.621306 0.668321 0.523647 0.236785 0.548290 0.874285 0.245608 0.341687 0.481661 0.471197 0.581996 0.511748 0.424459 0.288684 0.349293 0.535824 0.587325 0.513274 0.851564 0.746893 0.091245 0.372097 0.598704 0.283102 0.623271 0.261339 0.436386 0.594320 0.640494 0.300282 0.811358 0.486329 0.418324 0.682531 0.227605 0.352786 0.649004 0.296598 0.494747 0.557169 0.536609 0.424224 0.634287 0.577946 0.342752 0.279469 0.454176 0.595368 0.557541 0.561660 0.566935 0.595966 0.449214 0.620643 0.316164 0.281742 0.375992 0.340448 0.302940 0.251609 0.212457 0.190672 0.396341 0.318770 0.317302 0.304631 0.143450 0.388268 0.350919 0.099383 0.113282 0.510734 0.271029 0.247771 0.353400 0.412977 0.435778 0.511177 0.226719 0.267853 0.184109 0.425083 0.079000 0.235689 0.271515 0.384348 0.228822 0.339885 0.234739 0.278014 0.382224 0.213149 0.215597 0.168084 0.273735 0.517471 0.567967 0.321628 0.245669 0.234483 0.165894 0.162035 0.435065 
0.007420 0.006202 0.071331 0.179584 0.230547 0.170773 0.112730 0.110418 0.003121 1 0.188514 0.109384 0.127428 0.059607 0.200826 0.121402 0.109008 0.045492 0.233659 0.136424 0.193509 0.200393 0.010561 0.024738 0.136537 0.151522 0.075787 0.109959 0.083341 0.016956 0.114223 0.190212 0.036985 0.085564 0.021837 0.079204 0.109047 0.030063 0.019599 0.211662 0.175462 0.011289 0.029516 0.282821 0.106687 0.013290 0.009292 0.035058 0.006965 0.104314 0.056681 0.105573 0.074336 0.143717 0.003037 0.034434 0.050793 0.108319 0.114797 0.517712 0.302887 0.587074 0.346923 0.597336 0.736760 0.278433 0.478674 0.489534 0.233580 0.285778 0.136897 0.613020 0.542730 0.050607 0.112858 0.622406 0.669383 0.524740 0.237752 0.549172 0.875259 0.246626 0.342882 0.482791 0.472171 0.583009 0.512833 0.425560 0.289869 0.350538 0.536978 0.588477 0.514446 0.852526 0.747834 0.091721 0.373156 0.599686 0.283806 0.624137 0.262443 0.437612 0.595288 0.641605 0.301451 0.812371 0.487421 0.418517 0.682855 0.227277 0.352799 0.649266 0.296554 0.495010 0.557399 0.536915 0.424523 0.634516 0.578350 0.342955 0.279331 0.453842 0.595550 0.557679 0.561809 0.567138 0.596089 0.449341 0.620863 0.316303 0.281719 0.376158 0.340617 0.303022 0.251873 0.212581 0.190806 0.396649 0.319042 0.317501 0.304854 0.143311 0.388517 0.351121 0.098823 0.112869 0.511160 0.271236 0.247856 0.353463 0.412996 0.435944 0.511353 0.226740 0.268061 0.184073 0.425341 0.078200 0.235465 0.271541 0.384661 0.228799 0.340099 0.234794 0.278149 0.382526 0.212986 0.215724 0.167772 0.273684 0.518765 0.569270 0.323000 0.247127 0.235862 0.167345 0.163481 0.436293 
0.186288 0.189849 0.117814 0.009410 0.415427 0.018044 0.076328 0.078511 0.189228 0.188514 1 0.079816 0.061523 0.129499 0.012431 0.067527 0.080384 0.144658 0.045549 0.323188 0.379057 0.385615 0.198833 0.211214 0.323158 0.338239 0.113102 0.079676 0.271051 0.200985 0.074910 0.001804 0.225039 0.103791 0.167048 0.266943 0.296301 0.159417 0.206459 0.396764 0.361331 0.196136 0.160239 0.466010 0.293942 0.175533 0.179529 0.223182 0.181682 0.084937 0.132081 0.083303 0.115505 0.045092 0.186448 0.154524 0.238816 0.080712 0.074666 0.691478 0.484071 0.760396 0.527556 0.770574 0.905870 0.461708 0.655457 0.665749 0.416997 0.469005 0.320481 0.785975 0.717732 0.237840 0.299349 0.794701 0.839987 0.700559 0.422161 0.724509 1.039603 0.430396 0.523421 0.659300 0.649530 0.756943 0.688806 0.604276 0.471915 0.530480 0.711584 0.761590 0.689722 1.017594 0.916460 0.279428 0.553988 0.772751 0.466883 0.796599 0.445600 0.615179 0.768943 0.813193 0.483257 0.978823 0.663851 0.596041 0.852067 0.406918 0.531123 0.819230 0.476536 0.670242 0.730262 0.711014 0.602549 0.805125 0.751330 0.523131 0.458935 0.624862 0.767140 0.729771 0.733654 0.739402 0.766585 0.625506 0.791583 0.496908 0.462478 0.555009 0.520765 0.483807 0.435077 0.396263 0.375329 0.575793 0.500331 0.498664 0.486489 0.327565 0.567660 0.531025 0.281695 0.296358 0.686692 0.453601 0.430208 0.532220 0.589490 0.612517 0.685681 0.409184 0.450612 0.367660 0.602715 0.260435 0.415628 0.452482 0.563830 0.411231 0.520589 0.417544 0.459848 0.561922 0.394697 0.399197 0.349896 0.454423 0.693360 0.741754 0.502606 0.428247 0.418056 0.350688 0.346991 0.613737 
0.107571 0.110470 0.039521 0.071097 0.338029 0.062274 0.003600 0.006356 0.109955 0.109384 0.079816 1 0.018321 0.051040 0.092193 0.014545 0.012069 0.066560 0.125146 0.244961 0.301468 0.307717 0.119602 0.131836 0.244637 0.260130 0.033908 0.002902 0.192384 0.121548 0.011189 0.081484 0.145871 0.026575 0.087714 0.188129 0.217699 0.079866 0.127100 0.319360 0.283581 0.116708 0.081666 0.389109 0.215338 0.096247 0.100459 0.144315 0.102509 0.012597 0.052858 0.006835 0.038595 0.035238 0.107381 0.075485 0.160010 0.009292 0.013912 0.617661 0.407226 0.687529 0.451285 0.698304 0.835214 0.384788 0.581429 0.591551 0.339293 0.391826 0.241890 0.713839 0.644214 0.159370 0.220524 0.722340 0.768464 0.626639 0.344569 0.651258 0.971087 0.352981 0.447074 0.584944 0.575148 0.684046 0.614814 0.528998 0.394908 0.454270 0.638027 0.688720 0.615817 0.948785 0.846118 0.200835 0.477869 0.700299 0.390332 0.724666 0.368285 0.540112 0.696274 0.741117 0.406402 0.909281 0.589619 0.522669 0.782490 0.332325 0.457409 0.749368 0.402004 0.597904 0.659067 0.639174 0.528870 0.735016 0.679891 0.448478 0.384540 0.554657 0.696607 0.659008 0.662990 0.668509 0.696578 0.552831 0.721411 0.422063 0.387570 0.481017 0.446148 0.408894 0.358899 0.319869 0.298515 0.501582 0.425098 0.423545 0.411123 0.250732 0.493494 0.456505 0.205009 0.219595 0.614044 0.377861 0.354487 0.458294 0.516687 0.539607 0.613855 0.333389 0.374789 0.291262 0.529352 0.183649 0.340858 0.377444 0.489578 0.335462 0.445790 0.341634 0.384453 0.487583 0.319196 0.322896 0.274015 0.379510 0.619455 0.668754 0.426195 0.350906 0.340473 0.272420 0.268668 0.538712 
0.125428 0.128633 0.056959 0.052781 0.355758 0.043960 0.014815 0.017598 0.128066 0.127428 0.061523 0.018321 1 0.068636 0.073916 0.008499 0.021216 0.084044 0.106919 0.262846 0.319211 0.325593 0.137700 0.150029 0.262637 0.277978 0.051819 0.018477 0.210351 0.139766 0.015586 0.063201 0.163979 0.043247 0.105808 0.206151 0.235685 0.098067 0.145275 0.337069 0.301357 0.134903 0.099412 0.406768 0.233323 0.114333 0.118459 0.162298 0.120557 0.025177 0.070851 0.022208 0.055302 0.017048 0.125387 0.093422 0.177988 0.020522 0.016832 0.634738 0.424939 0.704355 0.468855 0.714945 0.851531 0.402447 0.598467 0.608665 0.357179 0.409577 0.259985 0.730451 0.661172 0.177197 0.238616 0.739053 0.784984 0.643694 0.362391 0.668122 0.986928 0.370771 0.464667 0.602096 0.592277 0.700860 0.631880 0.546346 0.412640 0.471840 0.655008 0.705551 0.632877 0.964688 0.862356 0.218773 0.495396 0.717006 0.407872 0.741236 0.386071 0.557435 0.713028 0.757768 0.424100 0.925357 0.606736 0.539379 0.798408 0.349144 0.474139 0.765330 0.418899 0.614408 0.675311 0.655582 0.545680 0.751025 0.696237 0.465474 0.401374 0.570495 0.712694 0.675129 0.679091 0.684679 0.712528 0.569369 0.737429 0.439082 0.404556 0.497857 0.463127 0.425912 0.376249 0.337230 0.315974 0.518512 0.442242 0.440644 0.428283 0.268130 0.510397 0.473471 0.222289 0.236920 0.630661 0.395098 0.371686 0.475087 0.533220 0.556208 0.630222 0.350585 0.392045 0.308582 0.546078 0.200921 0.357749 0.394471 0.506516 0.352642 0.462823 0.358868 0.401593 0.504538 0.336274 0.340237 0.291142 0.396488 0.636537 0.685637 0.443824 0.368741 0.358352 0.290444 0.286702 0.556026 
0.056993 0.061633 0.011798 0.120438 0.289275 0.111609 0.054172 0.051261 0.060620 0.059607 0.129499 0.051040 0.068636 1 0.141856 0.062118 0.049478 0.015553 0.174842 0.195523 0.252253 0.259386 0.070086 0.083334 0.195845 0.210529 0.017356 0.052099 0.142637 0.073514 0.054796 0.131226 0.096555 0.025991 0.038266 0.138648 0.168392 0.031884 0.078352 0.270325 0.234278 0.068178 0.030840 0.341289 0.166030 0.046667 0.050415 0.094353 0.052709 0.044804 0.006151 0.046491 0.014978 0.084537 0.057330 0.025260 0.110091 0.048934 0.055274 0.573998 0.361029 0.643131 0.404910 0.653111 0.791559 0.336905 0.535465 0.546345 0.292248 0.344396 0.195283 0.668716 0.599195 0.108800 0.172165 0.678173 0.724643 0.581470 0.296596 0.605567 0.928696 0.305315 0.400849 0.539692 0.529187 0.639154 0.569574 0.483036 0.348204 0.408359 0.593381 0.644485 0.571038 0.906156 0.802451 0.150905 0.431188 0.655545 0.342026 0.679715 0.321033 0.494847 0.651312 0.697179 0.359729 0.866441 0.544272 0.474361 0.736725 0.282301 0.408437 0.703216 0.352494 0.550383 0.612065 0.592071 0.480730 0.688594 0.633376 0.399540 0.334909 0.506570 0.649790 0.611937 0.616017 0.621585 0.649881 0.504681 0.674934 0.372854 0.337929 0.432306 0.397123 0.359497 0.309400 0.269942 0.248430 0.453181 0.376071 0.374350 0.361879 0.200225 0.444928 0.407630 0.154234 0.168854 0.566920 0.328416 0.304757 0.409342 0.468170 0.491474 0.566312 0.283509 0.325301 0.241034 0.481274 0.132770 0.290943 0.327904 0.441193 0.285464 0.396801 0.291741 0.334985 0.439104 0.269076 0.273032 0.223566 0.329814 0.575248 0.625171 0.380723 0.305146 0.294186 0.225819 0.221994 0.493488 
0.198599 0.202156 0.130186 0.021614 0.427359 0.030404 0.088714 0.090919 0.201539 0.200826 0.012431 0.092193 0.073916 0.141856 1 0.079931 0.092756 0.156996 0.033125 0.335299 0.391053 0.397604 0.211140 0.223496 0.335275 0.350340 0.125485 0.092019 0.283258 0.213269 0.087301 0.010733 0.237312 0.116170 0.179392 0.279156 0.308464 0.171759 0.218749 0.408719 0.373359 0.208437 0.172570 0.477813 0.306107 0.187867 0.191852 0.235449 0.194006 0.097311 0.144444 0.095705 0.127847 0.057508 0.198767 0.166875 0.251066 0.093105 0.087022 0.702640 0.495802 0.771426 0.539196 0.781553 0.916537 0.473518 0.666735 0.677019 0.428899 0.480828 0.332544 0.796930 0.728887 0.250099 0.311502 0.805645 0.850793 0.711777 0.434078 0.735651 1.049906 0.442275 0.535070 0.670596 0.660857 0.767996 0.700042 0.615740 0.483689 0.542098 0.722734 0.772618 0.700931 1.027950 0.927081 0.291634 0.565609 0.783736 0.478664 0.807516 0.457444 0.626587 0.779966 0.824086 0.495004 0.989295 0.675131 0.607399 0.862719 0.418656 0.542599 0.829952 0.488173 0.681396 0.741226 0.722067 0.613926 0.815897 0.762284 0.534709 0.470579 0.635866 0.778003 0.740692 0.744555 0.750323 0.777379 0.636763 0.802372 0.508540 0.474172 0.566483 0.532348 0.495469 0.446905 0.408167 0.387301 0.587260 0.511990 0.510324 0.498185 0.339604 0.579137 0.542581 0.293783 0.308439 0.697851 0.465369 0.442008 0.543717 0.600806 0.623802 0.696772 0.421015 0.462393 0.379607 0.614051 0.272564 0.427363 0.464184 0.575305 0.423071 0.532189 0.429384 0.471577 0.573414 0.406533 0.411085 0.361831 0.466127 0.704549 0.752785 0.514248 0.440061 0.429921 0.362689 0.359003 0.625138 
0.119068 0.122900 0.050370 0.058475 0.350056 0.049614 0.011117 0.011165 0.122185 0.121402 0.067527 0.014545 0.008499 0.062118 0.079931 1 0.013278 0.077329 0.113019 0.256939 0.313332 0.320107 0.131776 0.144439 0.257014 0.271995 0.045788 0.016009 0.204352 0.134279 0.007584 0.069258 0.158150 0.036331 0.099836 0.200268 0.229862 0.092381 0.139604 0.331244 0.295456 0.129269 0.092939 0.401391 0.227499 0.108349 0.112330 0.156214 0.114516 0.017631 0.064816 0.015999 0.048237 0.022455 0.119261 0.087193 0.171922 0.013221 0.008392 0.630610 0.420163 0.699859 0.463973 0.710049 0.847043 0.397045 0.593489 0.604008 0.352156 0.404389 0.255087 0.725565 0.656511 0.170805 0.233157 0.734584 0.780540 0.639030 0.357025 0.663164 0.982640 0.365500 0.459844 0.597440 0.587350 0.696176 0.627191 0.541524 0.407695 0.467116 0.650490 0.701113 0.628348 0.960347 0.857819 0.212693 0.490396 0.712314 0.402250 0.736393 0.380949 0.552850 0.708286 0.753350 0.419155 0.921035 0.602029 0.533246 0.792825 0.342282 0.467719 0.759610 0.412352 0.608475 0.669421 0.649764 0.539689 0.745225 0.690624 0.459262 0.394721 0.563778 0.706776 0.669120 0.673110 0.678769 0.706559 0.563184 0.731608 0.432764 0.398017 0.491636 0.456864 0.419510 0.370026 0.330826 0.309567 0.512490 0.436090 0.434390 0.422048 0.261487 0.504286 0.467267 0.215425 0.230108 0.624972 0.388825 0.365258 0.468723 0.526863 0.550074 0.624185 0.344088 0.385768 0.302013 0.540054 0.193995 0.351001 0.388006 0.500504 0.346079 0.456614 0.352392 0.395242 0.498498 0.329575 0.333846 0.284318 0.389917 0.632223 0.681451 0.439262 0.364122 0.353574 0.285562 0.281798 0.551449 
0.106410 0.110754 0.037741 0.071214 0.337959 0.062386 0.011626 0.006033 0.109912 0.109008 0.080384 0.012069 0.021216 0.049478 0.092756 0.013278 1 0.064473 0.125825 0.244623 0.301080 0.308152 0.119450 0.132388 0.244910 0.259619 0.033812 0.014957 0.191940 0.122338 0.005706 0.082135 0.145880 0.023547 0.087521 0.187945 0.217594 0.080360 0.127487 0.319051 0.283177 0.117201 0.080234 0.389598 0.215231 0.096005 0.099861 0.143746 0.102115 0.004705 0.052610 0.007082 0.035238 0.035455 0.106783 0.074692 0.159461 0.002888 0.005869 0.620092 0.408871 0.689118 0.452634 0.699041 0.836503 0.385231 0.582261 0.593024 0.340598 0.392724 0.243610 0.714576 0.645581 0.158095 0.221180 0.723909 0.769960 0.628061 0.345186 0.652015 0.972455 0.353756 0.448548 0.586443 0.576130 0.685279 0.616196 0.530312 0.396249 0.455915 0.639674 0.690419 0.617494 0.950094 0.847268 0.200214 0.478967 0.701452 0.390289 0.725457 0.369335 0.541852 0.697364 0.742741 0.407720 0.910730 0.591001 0.521164 0.781524 0.329532 0.455386 0.748178 0.399844 0.596645 0.657732 0.638069 0.527690 0.733706 0.679128 0.447001 0.382147 0.551557 0.695125 0.657380 0.661402 0.667094 0.694923 0.551127 0.720068 0.420404 0.385480 0.479429 0.444567 0.407078 0.357619 0.318260 0.296959 0.500416 0.423823 0.422052 0.409703 0.248699 0.492146 0.455024 0.202486 0.217198 0.613304 0.376419 0.352734 0.456413 0.514663 0.538036 0.612323 0.331504 0.373349 0.289319 0.528060 0.181000 0.338321 0.375517 0.488436 0.333445 0.444341 0.339812 0.382807 0.486399 0.316862 0.321300 0.271478 0.377356 0.621544 0.670955 0.428186 0.352938 0.342237 0.274108 0.270321 0.540462 
0.042139 0.048269 0.027115 0.135537 0.275004 0.126726 0.069660 0.066588 0.046868 0.045492 0.144658 0.066560 0.084044 0.015553 0.156996 0.077329 0.064473 1 0.189966 0.181023 0.237796 0.245344 0.056034 0.069841 0.181674 0.195927 0.032870 0.067644 0.128059 0.060493 0.069915 0.146396 0.082410 0.041057 0.025186 0.124232 0.154006 0.021344 0.064757 0.255935 0.219797 0.054905 0.016032 0.327392 0.151648 0.033039 0.036212 0.079791 0.038700 0.059847 0.015691 0.061866 0.029292 0.099740 0.042993 0.012233 0.095494 0.064118 0.070217 0.561607 0.347803 0.630414 0.391573 0.640062 0.779039 0.322984 0.522188 0.533372 0.278739 0.330667 0.182145 0.655687 0.586262 0.093756 0.158258 0.665524 0.712097 0.568492 0.282675 0.592358 0.916578 0.291523 0.387577 0.526707 0.515921 0.626244 0.556574 0.469808 0.334781 0.395208 0.580598 0.631830 0.558218 0.893959 0.789915 0.136202 0.417706 0.642675 0.327907 0.666745 0.307404 0.481888 0.638366 0.684607 0.346307 0.854190 0.531245 0.460076 0.723328 0.267274 0.393871 0.689673 0.337724 0.536388 0.598233 0.578228 0.466534 0.674949 0.619759 0.385042 0.320072 0.492198 0.636000 0.598054 0.602171 0.607770 0.636119 0.490428 0.661271 0.358245 0.323116 0.417874 0.382584 0.344802 0.294729 0.255080 0.233513 0.438897 0.361564 0.359759 0.347279 0.185089 0.430569 0.393154 0.138919 0.153570 0.553106 0.313747 0.289951 0.394798 0.453761 0.477243 0.552279 0.268637 0.310615 0.226020 0.467091 0.117381 0.275987 0.313152 0.426921 0.270529 0.382286 0.276865 0.320286 0.424793 0.254061 0.258196 0.208396 0.314976 0.562648 0.612778 0.367773 0.292162 0.280996 0.212608 0.208759 0.480546 
0.231473 0.234946 0.163206 0.054690 0.459210 0.063512 0.121692 0.123988 0.234353 0.233659 0.045549 0.125146 0.106919 0.174842 0.033125 0.113019 0.125825 0.189966 1 0.367628 0.423094 0.429563 0.243947 0.256206 0.367577 0.382653 0.158488 0.124885 0.315835 0.245978 0.120383 0.043824 0.270028 0.149223 0.212295 0.311732 0.340910 0.204632 0.251488 0.440651 0.405484 0.241199 0.205500 0.509289 0.338556 0.220747 0.224725 0.268184 0.226868 0.130371 0.177400 0.128757 0.160851 0.090613 0.231629 0.199823 0.283755 0.126179 0.120078 0.732276 0.527001 0.800782 0.570178 0.810854 0.944956 0.505017 0.696815 0.707020 0.460573 0.512318 0.364619 0.826167 0.758592 0.282854 0.343869 0.834773 0.879566 0.741641 0.465839 0.765377 1.077355 0.473928 0.566066 0.700661 0.691050 0.797445 0.729959 0.646263 0.515024 0.573000 0.752403 0.801957 0.730753 1.055544 0.955396 0.324218 0.596554 0.813013 0.510130 0.836647 0.488983 0.656927 0.809346 0.853077 0.526270 1.017181 0.705166 0.637905 0.891323 0.450259 0.573465 0.858764 0.519459 0.711348 0.770693 0.751738 0.644448 0.844853 0.791664 0.565779 0.501909 0.665622 0.807214 0.770074 0.773882 0.779683 0.806435 0.667027 0.831378 0.539767 0.505595 0.597296 0.563438 0.526784 0.478595 0.440078 0.419377 0.618013 0.543248 0.541604 0.529552 0.371886 0.609935 0.573592 0.326223 0.340848 0.727764 0.496920 0.473671 0.574618 0.631255 0.654127 0.726588 0.452769 0.493977 0.411653 0.644482 0.305110 0.458934 0.495616 0.606078 0.454855 0.563309 0.461154 0.503050 0.604236 0.438337 0.442953 0.393899 0.497581 0.734283 0.782094 0.545194 0.471457 0.461467 0.394599 0.390945 0.655461 
0.139125 0.135377 0.207268 0.314382 0.094741 0.305694 0.248291 0.246109 0.135796 0.136424 0.323188 0.244961 0.262846 0.195523 0.335299 0.256939 0.244623 0.181023 0.367628 1 0.057454 0.066176 0.126280 0.114556 0.012778 0.015523 0.211772 0.245428 0.053320 0.124956 0.249826 0.324857 0.100059 0.221417 0.158200 0.057550 0.027976 0.165945 0.119014 0.075743 0.039366 0.129418 0.165106 0.148396 0.030261 0.149668 0.145533 0.101566 0.143387 0.239941 0.192752 0.241277 0.209947 0.279001 0.138685 0.170677 0.085877 0.243974 0.250300 0.390886 0.173019 0.457962 0.215306 0.467154 0.609055 0.143943 0.347084 0.359268 0.103551 0.152264 0.042607 0.482979 0.412597 0.088538 0.031537 0.493679 0.541376 0.394201 0.103630 0.417903 0.750200 0.113318 0.211889 0.352463 0.340451 0.452995 0.382335 0.294054 0.158669 0.220345 0.407680 0.459796 0.384989 0.727006 0.620217 0.045532 0.240338 0.470064 0.148794 0.494352 0.130087 0.307634 0.465203 0.513347 0.169962 0.686301 0.356872 0.287176 0.554553 0.106460 0.222929 0.520814 0.167336 0.364207 0.427779 0.406414 0.292337 0.505769 0.448163 0.210634 0.152072 0.330167 0.466595 0.428865 0.433089 0.437910 0.468069 0.318896 0.492207 0.184538 0.152152 0.244526 0.208564 0.171832 0.118491 0.081642 0.060531 0.263941 0.185886 0.184889 0.171956 0.035326 0.256137 0.218890 0.058007 0.047818 0.379718 0.138521 0.116953 0.222893 0.283383 0.305152 0.381287 0.097487 0.135246 0.058825 0.293751 0.075103 0.111469 0.141570 0.252041 0.100175 0.207530 0.104487 0.146380 0.249819 0.088581 0.084717 0.055606 0.144712 0.390548 0.442179 0.194984 0.122411 0.109485 0.052102 0.049273 0.306445 
0.196110 0.192496 0.263965 0.370316 0.038119 0.361702 0.304767 0.302601 0.192908 0.193509 0.379057 0.301468 0.319211 0.252253 0.391053 0.313332 0.301080 0.237796 0.423094 0.057454 1 0.022310 0.183456 0.171732 0.059941 0.042730 0.268484 0.301933 0.110675 0.182062 0.306261 0.380714 0.157337 0.278042 0.215242 0.114939 0.085266 0.222949 0.176200 0.018430 0.018113 0.186567 0.221970 0.092998 0.087565 0.206742 0.202572 0.158742 0.200460 0.296414 0.249546 0.297790 0.266553 0.335235 0.195766 0.227609 0.143110 0.300446 0.306694 0.339314 0.123128 0.403887 0.162076 0.411860 0.554863 0.088508 0.291669 0.305140 0.059666 0.098597 0.077825 0.427743 0.358116 0.145429 0.085400 0.439610 0.487392 0.339646 0.051328 0.362312 0.696917 0.061636 0.159463 0.298402 0.285195 0.398221 0.327867 0.239727 0.107742 0.168535 0.353906 0.406074 0.331329 0.673524 0.565924 0.102740 0.185588 0.415334 0.091943 0.439200 0.079000 0.254488 0.410242 0.459485 0.118168 0.632774 0.302528 0.231408 0.499228 0.071256 0.168897 0.465487 0.115466 0.308283 0.372189 0.350488 0.236043 0.450331 0.392315 0.154950 0.102928 0.278792 0.411187 0.373643 0.377885 0.382456 0.413068 0.263454 0.436858 0.129742 0.100659 0.188946 0.153148 0.117908 0.063899 0.036798 0.029427 0.207539 0.129865 0.129411 0.116443 0.064309 0.200003 0.163176 0.108027 0.094367 0.323514 0.083970 0.066018 0.168339 0.228749 0.249534 0.325660 0.051686 0.080717 0.039866 0.237741 0.128269 0.070799 0.089916 0.195711 0.055275 0.151731 0.056057 0.092592 0.193490 0.053597 0.038609 0.058859 0.094264 0.337903 0.389795 0.146121 0.083447 0.070501 0.058524 0.059620 0.253382 
0.203707 0.198734 0.271020 0.377029 0.033820 0.368411 0.311093 0.309276 0.199470 0.200393 0.385615 0.307717 0.325593 0.259386 0.397604 0.320107 0.308152 0.245344 0.429563 0.066176 0.022310 1 0.190122 0.177469 0.064266 0.053636 0.275122 0.307985 0.118363 0.187644 0.313186 0.387240 0.163779 0.285134 0.221912 0.121846 0.092090 0.229193 0.182202 0.023503 0.032227 0.192529 0.229413 0.083372 0.094414 0.213463 0.209607 0.166100 0.207328 0.303465 0.256238 0.304438 0.273963 0.341904 0.202845 0.234616 0.150612 0.307329 0.313806 0.325617 0.107381 0.393266 0.149369 0.403923 0.545680 0.079053 0.282916 0.294145 0.039727 0.086298 0.073584 0.419791 0.347847 0.154167 0.088729 0.429226 0.477426 0.329135 0.037735 0.354112 0.687829 0.047240 0.145975 0.287236 0.275796 0.388650 0.317341 0.228544 0.092747 0.154534 0.342707 0.395061 0.319850 0.664554 0.557178 0.111165 0.174593 0.406092 0.086511 0.431163 0.064005 0.241972 0.401158 0.449003 0.103953 0.623328 0.291815 0.232015 0.496599 0.090322 0.173604 0.463583 0.123836 0.307189 0.371027 0.348627 0.235208 0.448874 0.389150 0.157124 0.114082 0.285157 0.410375 0.373519 0.377613 0.381557 0.412858 0.264462 0.435505 0.133974 0.110001 0.190764 0.155924 0.123896 0.071209 0.055061 0.051077 0.206948 0.131760 0.132653 0.119879 0.081609 0.200368 0.165094 0.121781 0.109083 0.320369 0.090124 0.077502 0.172284 0.231747 0.250285 0.325503 0.067953 0.087291 0.061747 0.237404 0.140611 0.088068 0.099312 0.195241 0.071703 0.153849 0.070375 0.099489 0.193210 0.073659 0.055997 0.079928 0.104732 0.325203 0.377214 0.129846 0.062387 0.049211 0.047451 0.049814 0.240820 
0.015737 0.009856 0.081781 0.189937 0.220436 0.181127 0.122977 0.120765 0.009662 0.010561 0.198833 0.119602 0.137700 0.070086 0.211140 0.131776 0.119450 0.056034 0.243947 0.126280 0.183456 0.190122 1 0.014591 0.126194 0.141428 0.086112 0.120108 0.073189 0.009742 0.124632 0.200524 0.026520 0.096016 0.032073 0.068923 0.098779 0.039944 0.009545 0.201613 0.165399 0.006869 0.040058 0.272678 0.096422 0.023525 0.019823 0.025170 0.017399 0.114753 0.067015 0.115913 0.084855 0.154065 0.013168 0.044890 0.040759 0.118719 0.125245 0.507742 0.292620 0.577284 0.336750 0.587730 0.727262 0.268296 0.468849 0.479604 0.223231 0.275530 0.126471 0.603426 0.532888 0.041378 0.102405 0.612677 0.659766 0.514836 0.227491 0.539436 0.866008 0.236374 0.332689 0.472837 0.462274 0.573254 0.502931 0.415509 0.279607 0.340349 0.527105 0.578677 0.504529 0.843248 0.738393 0.081641 0.363017 0.590001 0.273810 0.614561 0.252169 0.427547 0.585578 0.631906 0.291209 0.802989 0.477496 0.409230 0.673857 0.218486 0.343653 0.640285 0.287389 0.485772 0.548306 0.527695 0.415114 0.625528 0.569105 0.333528 0.270295 0.445403 0.586557 0.548708 0.552842 0.558100 0.587209 0.440179 0.611882 0.306918 0.272493 0.366831 0.331222 0.293684 0.242241 0.203067 0.181236 0.387173 0.309495 0.308025 0.295333 0.134095 0.379094 0.341708 0.090375 0.104112 0.501768 0.261700 0.238446 0.344244 0.403925 0.426731 0.502235 0.217402 0.258513 0.174747 0.416008 0.070309 0.226521 0.262267 0.375187 0.219500 0.330643 0.225394 0.268718 0.373047 0.203895 0.206220 0.158873 0.264491 0.508807 0.559416 0.312772 0.236801 0.225509 0.156935 0.153064 0.426235 
0.030318 0.021710 0.094880 0.202438 0.208341 0.193640 0.135275 0.133375 0.022996 0.024738 0.211214 0.131836 0.150029 0.083334 0.223496 0.144439 0.132388 0.069841 0.256206 0.114556 0.171732 0.177469 0.014591 1 0.113618 0.129881 0.098781 0.132158 0.061984 0.010506 0.137436 0.212880 0.015235 0.109074 0.045162 0.057198 0.086761 0.052203 0.005143 0.189798 0.153714 0.015220 0.054026 0.260125 0.084419 0.036869 0.033841 0.017793 0.031225 0.127687 0.079810 0.128509 0.098242 0.166599 0.027540 0.058282 0.030980 0.131505 0.138190 0.494287 0.279177 0.564490 0.323618 0.575602 0.714959 0.255778 0.456427 0.466702 0.209863 0.262592 0.112450 0.591310 0.520150 0.034612 0.089289 0.599965 0.647219 0.502001 0.214721 0.527156 0.853941 0.223494 0.319455 0.459894 0.449687 0.560691 0.490116 0.402554 0.266352 0.327020 0.514179 0.565812 0.491534 0.831180 0.726225 0.070684 0.350089 0.577557 0.261783 0.602435 0.239082 0.414336 0.573142 0.619198 0.278000 0.790733 0.464652 0.398840 0.663331 0.210011 0.333844 0.629914 0.277764 0.475228 0.537932 0.517055 0.404379 0.615225 0.558220 0.323050 0.261028 0.436923 0.576362 0.538641 0.542755 0.547829 0.577239 0.430025 0.601608 0.296652 0.262792 0.356496 0.320853 0.283608 0.231556 0.192895 0.171052 0.376378 0.298780 0.297543 0.284771 0.125125 0.368483 0.331237 0.083742 0.096579 0.490731 0.251198 0.228381 0.334256 0.394114 0.416451 0.491980 0.207593 0.248007 0.165215 0.405424 0.065414 0.217629 0.252413 0.364387 0.209835 0.320119 0.215438 0.258469 0.362271 0.194791 0.196035 0.150491 0.254894 0.495547 0.546222 0.299173 0.222980 0.211821 0.143087 0.139223 0.413025 
