1 0.062964 0.068623 0.084432 0.060158 0.056692 0.072432 0.071074 0.079472 0.062888 0.109797 0.073073 0.115794 0.092787 0.090993 0.105400 0.165761 0.039724 0.059342 0.163922 0.069622 0.066046 0.075898 0.176682 0.026158 0.077996 0.132574 0.135077 0.068956 0.113725 0.129750 0.057535 0.099766 0.071634 0.014980 0.043556 0.058824 0.098560 0.050144 0.219022 0.097576 0.097610 0.122453 0.119193 0.047069 0.087698 0.041271 0.040568 0.037073 0.022380 0.094406 0.161332 0.098020 0.074413 0.053091 0.021244 0.055737 0.060092 0.014200 0.171876 0.211438 0.223078 0.170587 0.142593 0.144602 0.135858 0.065579 0.065427 0.060408 0.146612 0.158772 0.147230 0.153842 0.203757 0.120762 0.153331 0.138056 0.308959 0.241781 0.102560 0.172173 0.232330 0.294222 0.233476 0.229573 0.162939 0.192055 0.219895 0.351830 0.321904 0.260844 0.188881 0.193727 0.248267 0.222165 0.117050 0.224757 0.205183 0.165525 0.184911 0.112531 0.142116 0.239974 0.218325 0.204286 0.187031 0.191208 0.146515 0.259016 0.174753 0.166740 0.229889 0.201266 0.295640 0.322812 0.203155 0.214873 0.210546 0.200876 0.257504 0.314223 0.168016 0.111959 0.167836 0.067080 0.205113 0.210068 0.142400 0.261216 0.189720 0.160241 0.195499 0.109587 0.111494 0.134068 0.068459 0.131338 0.043107 0.040372 0.094231 0.185068 0.249402 0.205400 0.224013 0.208285 0.281487 0.201967 0.181821 0.143384 0.278433 0.229767 0.281262 0.196609 0.220692 0.223514 0.272630 0.217805 0.201818 0.207049 0.247453 0.148314 0.197009 0.213765 0.177250 0.296377 0.173089 0.195775 0.176484 0.228845 0.221777 0.307113 0.289634 0.234095 0.258805 0.269648 0.268892 0.257562 0.266818 0.265185 0.162433 0.244322 0.199788 0.205823 0.239554 0.224644 0.211043 0.218917 0.249165 0.331200 0.285254 0.274914 0.229901 0.195998 0.265013 0.191634 0.185605 0.205170 0.156166 0.147818 0.144784 0.217670 0.148476 0.238252 0.326796 0.174097 0.181186 0.237072 0.309908 0.193827 0.226874 
0.062964 1 0.088219 0.083084 0.066592 0.074557 0.122319 0.090374 0.115784 0.097585 0.168989 0.056106 0.150571 0.115652 0.108734 0.151309 0.207626 0.048799 0.046210 0.185083 0.104167 0.089278 0.052273 0.150480 0.039945 0.071389 0.147795 0.131637 0.091773 0.139711 0.090767 0.119041 0.143503 0.071674 0.057118 0.089267 0.114758 0.147285 0.100499 0.269837 0.104501 0.095116 0.118524 0.180049 0.100973 0.063423 0.031479 0.092352 0.080112 0.056301 0.141763 0.221018 0.149454 0.113854 0.039807 0.051066 0.087629 0.014127 0.054699 0.145957 0.202407 0.207670 0.173734 0.171888 0.112176 0.127254 0.032798 0.072191 0.037844 0.162580 0.214182 0.208460 0.213002 0.242619 0.180309 0.215095 0.193645 0.354476 0.296379 0.150270 0.234491 0.288134 0.344634 0.256558 0.267853 0.199519 0.216624 0.266269 0.401990 0.369630 0.289015 0.230963 0.236901 0.306511 0.278233 0.174627 0.268094 0.236864 0.207573 0.216953 0.173727 0.173209 0.288199 0.261222 0.248001 0.222498 0.230244 0.199800 0.298980 0.200673 0.199347 0.274238 0.231000 0.354120 0.368633 0.235451 0.264971 0.250974 0.247003 0.295421 0.367368 0.217475 0.174148 0.209572 0.123500 0.255521 0.262418 0.176768 0.288547 0.249402 0.200976 0.234625 0.170477 0.173850 0.194943 0.126529 0.184645 0.099492 0.099459 0.155279 0.223379 0.296126 0.248692 0.253215 0.226799 0.308430 0.188718 0.204408 0.155560 0.297690 0.254245 0.318346 0.222533 0.221010 0.233487 0.296798 0.218076 0.227452 0.225251 0.271264 0.156949 0.215016 0.238157 0.201572 0.322262 0.160178 0.224037 0.188762 0.241662 0.224436 0.335678 0.320553 0.245189 0.282240 0.286984 0.280712 0.278199 0.278301 0.290836 0.141921 0.261712 0.227378 0.230132 0.261655 0.265099 0.223408 0.242108 0.256604 0.363250 0.296667 0.293212 0.237278 0.202897 0.278818 0.207381 0.214279 0.238760 0.190949 0.159610 0.145262 0.248061 0.137644 0.244872 0.370625 0.189976 0.190304 0.247949 0.356517 0.201129 0.257488 
0.068623 0.088219 1 0.030669 0.118945 0.015341 0.054710 0.013453 0.145459 0.128284 0.109178 0.049711 0.064566 0.034149 0.031515 0.072222 0.121458 0.091326 0.049659 0.103443 0.035188 0.025806 0.126079 0.129216 0.068106 0.137766 0.071375 0.078682 0.019201 0.059784 0.105175 0.082492 0.067846 0.037085 0.061829 0.104935 0.114216 0.151975 0.046882 0.188494 0.042060 0.048229 0.060993 0.124441 0.053491 0.059711 0.090003 0.046745 0.036078 0.056268 0.065714 0.160256 0.080082 0.038283 0.074501 0.069388 0.019272 0.082053 0.073794 0.122921 0.150168 0.163940 0.105449 0.088151 0.105263 0.075765 0.070744 0.035956 0.066091 0.088689 0.205860 0.179994 0.191017 0.261460 0.161516 0.181523 0.186280 0.361665 0.286268 0.159268 0.189314 0.270477 0.340500 0.298190 0.288754 0.224778 0.255741 0.275627 0.397285 0.370633 0.324451 0.245810 0.250535 0.280008 0.267130 0.164403 0.280832 0.269136 0.225823 0.247813 0.141574 0.204343 0.289172 0.275505 0.260465 0.246882 0.249802 0.195883 0.317815 0.238924 0.228556 0.284520 0.262983 0.328278 0.374126 0.265948 0.261523 0.268441 0.254204 0.316467 0.356163 0.220638 0.139378 0.224379 0.095634 0.253353 0.258349 0.204181 0.324569 0.217795 0.217801 0.253679 0.118044 0.139605 0.139300 0.078336 0.182844 0.097746 0.093408 0.130641 0.139916 0.212604 0.164226 0.169252 0.150508 0.226835 0.147987 0.122871 0.087339 0.220700 0.173505 0.233629 0.142829 0.161029 0.163792 0.216312 0.156160 0.148117 0.151512 0.191677 0.095233 0.139416 0.156685 0.120558 0.239107 0.117308 0.141792 0.119478 0.169106 0.161274 0.252928 0.235571 0.172653 0.201126 0.211344 0.206953 0.199064 0.205763 0.208243 0.116782 0.183172 0.143648 0.148547 0.180894 0.180385 0.152895 0.164107 0.187555 0.277658 0.222215 0.214996 0.167890 0.134170 0.205023 0.130580 0.128443 0.152388 0.104971 0.090787 0.080989 0.163124 0.088557 0.174983 0.284216 0.113139 0.117789 0.175538 0.271144 0.132708 0.172488 
0.084432 0.083084 0.030669 1 0.129230 0.031206 0.082173 0.027779 0.162399 0.144908 0.137586 0.032078 0.082343 0.043931 0.035679 0.098936 0.141078 0.101613 0.049542 0.104717 0.053584 0.037003 0.129298 0.101110 0.075156 0.144468 0.068042 0.058449 0.033454 0.066745 0.077462 0.109908 0.088076 0.023372 0.074504 0.123920 0.137146 0.175829 0.072506 0.210548 0.029681 0.026335 0.040121 0.152578 0.080964 0.035885 0.094756 0.073037 0.059485 0.067254 0.090810 0.189183 0.104455 0.062262 0.070263 0.078791 0.045009 0.078139 0.087288 0.094658 0.130477 0.141383 0.093139 0.096509 0.075586 0.053102 0.059324 0.029533 0.057285 0.084686 0.232205 0.208202 0.219155 0.284187 0.188595 0.210284 0.212400 0.387330 0.313645 0.182289 0.218291 0.299051 0.367885 0.315757 0.311345 0.245396 0.273608 0.299807 0.424895 0.397351 0.343825 0.269187 0.274228 0.309267 0.293912 0.189990 0.304892 0.288595 0.247840 0.267681 0.170184 0.223609 0.315566 0.299239 0.284430 0.268485 0.272162 0.221800 0.340777 0.256935 0.248710 0.309273 0.282842 0.357529 0.400161 0.286031 0.288424 0.291506 0.279190 0.339203 0.384383 0.245881 0.167667 0.247634 0.123506 0.279783 0.284993 0.224219 0.344005 0.247249 0.240457 0.276418 0.145164 0.167563 0.167010 0.106845 0.207850 0.116941 0.114182 0.157207 0.152158 0.229491 0.180147 0.174544 0.147587 0.229216 0.125220 0.124379 0.079576 0.217774 0.174838 0.243133 0.145249 0.145995 0.154930 0.216996 0.141434 0.150341 0.147828 0.192132 0.084192 0.136123 0.158571 0.122892 0.241498 0.093933 0.146560 0.111599 0.162388 0.147921 0.256284 0.241398 0.165077 0.201834 0.207222 0.199955 0.197713 0.198336 0.210578 0.089761 0.180318 0.148434 0.150513 0.180975 0.193300 0.145370 0.164084 0.177594 0.283985 0.215394 0.212188 0.157835 0.123509 0.198910 0.126379 0.135517 0.162215 0.117604 0.082695 0.065381 0.169754 0.065656 0.164910 0.299073 0.109383 0.109211 0.167728 0.288184 0.122228 0.179044 
0.060158 0.066592 0.118945 0.129230 1 0.106792 0.128725 0.123815 0.059522 0.039988 0.157184 0.110542 0.172164 0.148526 0.145414 0.158132 0.218887 0.028161 0.086326 0.220334 0.128490 0.121368 0.031154 0.212917 0.061001 0.026031 0.187674 0.183802 0.123873 0.171454 0.155885 0.102427 0.158579 0.118567 0.066366 0.045239 0.073139 0.091300 0.107634 0.270028 0.148095 0.144187 0.168467 0.162803 0.099299 0.122318 0.039333 0.095825 0.093884 0.074127 0.150996 0.200952 0.154775 0.132126 0.083136 0.063523 0.110229 0.065974 0.048695 0.208692 0.258076 0.266141 0.221157 0.200426 0.176266 0.180592 0.091636 0.115062 0.090776 0.202787 0.161309 0.167534 0.166416 0.177491 0.136259 0.176513 0.142309 0.291157 0.240199 0.093195 0.201841 0.233952 0.283991 0.192473 0.202950 0.135601 0.151540 0.205093 0.340745 0.306986 0.224291 0.167152 0.173644 0.256164 0.225036 0.127729 0.204554 0.173122 0.146008 0.151917 0.137920 0.107637 0.226600 0.197911 0.184835 0.156954 0.165620 0.144822 0.234792 0.135551 0.133669 0.211046 0.164935 0.302927 0.305172 0.170438 0.205197 0.186542 0.184735 0.230304 0.308814 0.158453 0.142161 0.145818 0.094961 0.195931 0.204653 0.111840 0.223592 0.204692 0.137098 0.169744 0.154890 0.141947 0.176147 0.114083 0.130726 0.077266 0.076486 0.120224 0.243386 0.304677 0.261947 0.281812 0.265579 0.340028 0.246888 0.238897 0.198197 0.336165 0.287647 0.339453 0.255073 0.272439 0.278368 0.330841 0.268783 0.260565 0.264679 0.305698 0.201964 0.253879 0.271668 0.234904 0.353943 0.217027 0.254069 0.231868 0.284747 0.274143 0.365655 0.347519 0.289209 0.316571 0.326989 0.323949 0.315084 0.322407 0.323088 0.202475 0.300751 0.257339 0.263416 0.296786 0.282166 0.267057 0.277271 0.303379 0.388755 0.340096 0.331832 0.283676 0.248898 0.321316 0.247422 0.242357 0.262406 0.213439 0.202696 0.193597 0.275424 0.192043 0.291551 0.381335 0.229844 0.234601 0.292081 0.363138 0.247457 0.284603 
0.056692 0.074557 0.015341 0.031206 0.106792 1 0.058618 0.017970 0.134541 0.117435 0.113274 0.039427 0.077032 0.044220 0.040121 0.082457 0.134275 0.079306 0.040521 0.115188 0.036991 0.022881 0.112877 0.129914 0.054233 0.124417 0.081532 0.083382 0.021023 0.069113 0.098492 0.080169 0.074574 0.029064 0.048397 0.095135 0.106725 0.145666 0.044623 0.199464 0.045433 0.047750 0.067233 0.127657 0.051619 0.051805 0.076113 0.042929 0.028823 0.042173 0.073216 0.166148 0.085130 0.043683 0.059408 0.055060 0.018513 0.068581 0.061314 0.124436 0.157441 0.169854 0.115531 0.099401 0.102916 0.081591 0.057049 0.026237 0.051852 0.097695 0.201589 0.178755 0.189130 0.254402 0.158244 0.181363 0.181582 0.356636 0.283160 0.151998 0.191445 0.269082 0.337286 0.288199 0.281420 0.216061 0.245943 0.269299 0.394469 0.366793 0.315260 0.239041 0.243900 0.280147 0.263637 0.159479 0.274507 0.259722 0.217792 0.238803 0.140667 0.195161 0.284981 0.268836 0.254038 0.239063 0.242344 0.191028 0.310640 0.229135 0.219917 0.278795 0.254334 0.328378 0.369577 0.257088 0.257982 0.261427 0.248682 0.309256 0.354138 0.215090 0.138510 0.217580 0.093566 0.249237 0.254238 0.195306 0.315521 0.218356 0.210565 0.246549 0.119729 0.138457 0.142508 0.078474 0.177228 0.088037 0.084488 0.127275 0.150647 0.223586 0.175471 0.181122 0.160744 0.238267 0.151950 0.134444 0.094449 0.231475 0.184652 0.245356 0.153181 0.168809 0.173050 0.227656 0.164569 0.158541 0.160822 0.202588 0.100626 0.149273 0.168198 0.131519 0.251377 0.121452 0.152898 0.127641 0.179034 0.169644 0.264729 0.248033 0.182958 0.212801 0.221882 0.217722 0.210371 0.216201 0.220268 0.116862 0.194831 0.155511 0.159976 0.192497 0.191782 0.162017 0.174342 0.197371 0.290316 0.233505 0.226390 0.177684 0.143434 0.215460 0.141372 0.141205 0.164980 0.116962 0.098369 0.089405 0.175357 0.094191 0.185260 0.296672 0.123762 0.128107 0.185848 0.283253 0.141822 0.184745 
0.072432 0.122319 0.054710 0.082173 0.128725 0.058618 1 0.054734 0.131948 0.120531 0.055916 0.095650 0.053235 0.054931 0.061681 0.038227 0.094986 0.106758 0.093055 0.108124 0.036002 0.051848 0.146463 0.173472 0.088284 0.149337 0.089647 0.114574 0.050839 0.063637 0.152019 0.045362 0.033854 0.079813 0.072153 0.096297 0.090533 0.126903 0.023855 0.148939 0.078845 0.090453 0.104136 0.071159 0.031032 0.107786 0.110630 0.033561 0.042278 0.070268 0.022806 0.110148 0.030296 0.023483 0.101235 0.081730 0.041224 0.116636 0.083244 0.168564 0.182768 0.200387 0.132825 0.081651 0.153998 0.119004 0.108875 0.073095 0.101628 0.101056 0.165566 0.132486 0.146763 0.234327 0.119412 0.132532 0.147474 0.324903 0.242940 0.133650 0.137430 0.227127 0.300333 0.280892 0.260416 0.201230 0.239632 0.240290 0.356385 0.332229 0.302335 0.216679 0.220056 0.233677 0.222377 0.125303 0.248554 0.246256 0.197269 0.226430 0.096624 0.187374 0.252682 0.243692 0.228872 0.223383 0.222906 0.159204 0.286576 0.222878 0.208528 0.251456 0.243064 0.280481 0.337130 0.243322 0.224675 0.239320 0.221102 0.287318 0.313245 0.186040 0.091591 0.197217 0.067817 0.216221 0.218564 0.184599 0.303355 0.171215 0.191932 0.226738 0.064159 0.091539 0.085767 0.036688 0.147418 0.077141 0.071783 0.088535 0.115760 0.177662 0.133458 0.158122 0.153043 0.216605 0.181585 0.123285 0.103845 0.219444 0.167796 0.211086 0.135970 0.182711 0.175293 0.209693 0.179037 0.141361 0.153551 0.185862 0.113523 0.143204 0.152191 0.118129 0.230791 0.154870 0.132344 0.131445 0.177326 0.180811 0.240655 0.221359 0.183168 0.196194 0.212501 0.215242 0.197376 0.214130 0.200690 0.157130 0.186622 0.135801 0.144551 0.178380 0.153590 0.162136 0.159665 0.201057 0.261833 0.230869 0.215693 0.182802 0.152265 0.210620 0.139051 0.120762 0.136475 0.088509 0.107472 0.115014 0.150920 0.130833 0.190800 0.254538 0.123120 0.135996 0.186192 0.237984 0.150212 0.159758 
0.071074 0.090374 0.013453 0.027779 0.123815 0.017970 0.054734 1 0.148047 0.132085 0.110433 0.046905 0.063137 0.027612 0.024228 0.074977 0.121794 0.096643 0.056413 0.097771 0.027913 0.015080 0.130215 0.122831 0.070220 0.141314 0.064475 0.070647 0.008452 0.051899 0.100117 0.085608 0.062946 0.030466 0.062668 0.109190 0.117764 0.157120 0.046589 0.188353 0.031965 0.039347 0.055845 0.125366 0.057052 0.056352 0.092998 0.049773 0.038559 0.055978 0.064515 0.162974 0.077445 0.034794 0.071312 0.069464 0.021329 0.084639 0.077218 0.117631 0.144005 0.157844 0.100190 0.082392 0.100395 0.070993 0.068892 0.028095 0.063593 0.080456 0.209047 0.182590 0.194577 0.266328 0.164441 0.184213 0.189562 0.366129 0.289701 0.163546 0.191337 0.275020 0.345217 0.302541 0.293296 0.228653 0.260353 0.278955 0.402078 0.375460 0.328703 0.250402 0.254967 0.284193 0.269536 0.166866 0.285180 0.272701 0.229183 0.252143 0.145020 0.209169 0.294152 0.279693 0.264834 0.251984 0.254270 0.199737 0.321738 0.243547 0.233474 0.289298 0.268042 0.332047 0.378904 0.270187 0.266740 0.272945 0.258904 0.320988 0.360711 0.224775 0.141776 0.229332 0.101983 0.257970 0.262265 0.208712 0.329259 0.221957 0.222572 0.258599 0.117624 0.141562 0.139614 0.081218 0.186141 0.097528 0.094162 0.132595 0.134791 0.209578 0.160948 0.163882 0.143155 0.220770 0.139845 0.116917 0.077717 0.213784 0.167024 0.228986 0.135635 0.153159 0.155974 0.210059 0.148896 0.141163 0.143322 0.184959 0.084711 0.131630 0.150714 0.113911 0.234020 0.109964 0.135566 0.110492 0.161777 0.153611 0.247330 0.231064 0.165819 0.195282 0.204260 0.200444 0.192775 0.198961 0.202867 0.108608 0.177447 0.138186 0.142424 0.174939 0.176190 0.144805 0.156707 0.180564 0.273467 0.216373 0.208858 0.160889 0.126785 0.198040 0.123853 0.124389 0.148663 0.101038 0.081510 0.075073 0.158388 0.083465 0.168626 0.282089 0.106366 0.111363 0.168658 0.269543 0.125203 0.167748 
0.079472 0.115784 0.145459 0.162399 0.059522 0.134541 0.131948 0.148047 1 0.022835 0.141609 0.147575 0.183550 0.168382 0.168204 0.162647 0.221003 0.075436 0.130081 0.235582 0.142037 0.141766 0.085910 0.250259 0.095157 0.065960 0.208126 0.212517 0.145710 0.185679 0.196989 0.094074 0.160902 0.149109 0.088520 0.043075 0.047406 0.053830 0.114618 0.258555 0.173609 0.173549 0.200150 0.141081 0.106118 0.161147 0.084987 0.106377 0.111582 0.097050 0.153002 0.178810 0.149914 0.142740 0.114468 0.087400 0.130721 0.114342 0.076488 0.247649 0.288830 0.299608 0.247729 0.210862 0.217179 0.214135 0.131387 0.142515 0.127118 0.220299 0.110501 0.125229 0.122616 0.132382 0.093228 0.136539 0.092851 0.242225 0.188626 0.046885 0.165252 0.187923 0.235669 0.156345 0.156683 0.087065 0.115652 0.151985 0.292849 0.259138 0.183453 0.119501 0.124965 0.211342 0.171467 0.079730 0.155568 0.127230 0.092992 0.108576 0.105731 0.068283 0.179404 0.148379 0.135722 0.114641 0.118589 0.095469 0.185795 0.099142 0.093104 0.163621 0.126585 0.255648 0.257407 0.126746 0.159713 0.139061 0.136747 0.184219 0.260555 0.108043 0.109552 0.100069 0.087598 0.147858 0.153945 0.068074 0.184946 0.164338 0.090906 0.124672 0.132000 0.108160 0.150401 0.107254 0.079851 0.060696 0.062448 0.085284 0.243011 0.294186 0.257156 0.287781 0.278524 0.345098 0.276855 0.251791 0.216688 0.346620 0.296012 0.336833 0.262953 0.295939 0.295859 0.338305 0.293125 0.268699 0.276760 0.313626 0.220819 0.267143 0.281553 0.245947 0.360799 0.248629 0.261182 0.248737 0.300810 0.296403 0.369340 0.350946 0.306974 0.325613 0.338908 0.340589 0.325868 0.339058 0.330749 0.235794 0.315199 0.265735 0.273462 0.307355 0.278700 0.283245 0.285988 0.322907 0.390467 0.357593 0.344078 0.303800 0.269994 0.336081 0.263974 0.252032 0.267191 0.219614 0.221582 0.221844 0.281455 0.225754 0.312734 0.373198 0.247062 0.256178 0.309909 0.352614 0.268313 0.290057 
0.062888 0.097585 0.128284 0.144908 0.039988 0.117435 0.120531 0.132085 0.022835 1 0.136222 0.130453 0.170282 0.153548 0.152797 0.150445 0.210333 0.054130 0.109663 0.222634 0.128942 0.127311 0.069257 0.234483 0.077248 0.053160 0.193856 0.197258 0.130447 0.172915 0.181256 0.084568 0.150939 0.132936 0.072740 0.025634 0.042034 0.056615 0.102121 0.252655 0.158622 0.158108 0.183481 0.138188 0.092471 0.144053 0.066365 0.092036 0.096003 0.081715 0.142285 0.175973 0.141831 0.129933 0.100427 0.072349 0.114934 0.095876 0.057985 0.230894 0.273277 0.283851 0.232184 0.199033 0.200466 0.197197 0.114930 0.127089 0.111302 0.207368 0.122794 0.131789 0.130085 0.146563 0.099780 0.141877 0.103935 0.257459 0.202454 0.055724 0.169138 0.198056 0.248987 0.171102 0.172107 0.103710 0.129431 0.168962 0.306252 0.273098 0.199348 0.133941 0.139763 0.220384 0.186096 0.089373 0.170923 0.144701 0.110652 0.123994 0.106516 0.080579 0.192266 0.164164 0.150786 0.128062 0.133759 0.106971 0.202591 0.112501 0.106157 0.177726 0.139897 0.266320 0.271901 0.142490 0.170725 0.154289 0.150248 0.199877 0.273191 0.121589 0.110897 0.112994 0.076566 0.160249 0.167518 0.081857 0.199773 0.170228 0.104286 0.138618 0.130043 0.110161 0.149616 0.097998 0.091984 0.056153 0.055790 0.087589 0.234649 0.288852 0.249796 0.277748 0.267133 0.335833 0.262627 0.239687 0.204037 0.336128 0.285715 0.329428 0.252821 0.282484 0.283716 0.328377 0.279228 0.258454 0.265938 0.303640 0.208645 0.255753 0.270506 0.234544 0.350698 0.233470 0.250936 0.236703 0.288813 0.283154 0.360361 0.341590 0.294374 0.315021 0.328065 0.328333 0.314946 0.326867 0.320375 0.221134 0.302999 0.254877 0.262397 0.296304 0.271212 0.271364 0.275862 0.310057 0.381647 0.344880 0.332800 0.290702 0.256610 0.324444 0.251262 0.240294 0.256869 0.208690 0.208742 0.206082 0.271136 0.209108 0.299167 0.366942 0.234077 0.242130 0.297307 0.347015 0.254983 0.279946 
0.109797 0.168989 0.109178 0.137586 0.157184 0.113274 0.055916 0.110433 0.141609 0.136222 1 0.150429 0.085582 0.106124 0.114246 0.054389 0.091930 0.141990 0.143075 0.139421 0.089725 0.107290 0.181572 0.227011 0.131420 0.178275 0.133226 0.165467 0.106401 0.106697 0.207297 0.055183 0.066004 0.134976 0.114780 0.115702 0.095900 0.118982 0.072746 0.117688 0.133078 0.145663 0.156956 0.020151 0.070130 0.163095 0.150505 0.077980 0.091844 0.115870 0.053008 0.056798 0.043694 0.077872 0.149554 0.123915 0.095819 0.163886 0.120702 0.221755 0.227680 0.247617 0.175814 0.110859 0.209344 0.171104 0.160434 0.127895 0.153087 0.140960 0.133523 0.090110 0.107620 0.214536 0.089444 0.086162 0.119466 0.290065 0.201941 0.125800 0.084831 0.183837 0.260483 0.272164 0.238505 0.189833 0.233746 0.211796 0.314433 0.294207 0.287340 0.195590 0.197190 0.185639 0.181655 0.101323 0.222139 0.233631 0.180499 0.215337 0.062665 0.183519 0.218839 0.218416 0.204202 0.208485 0.204808 0.132371 0.261077 0.217827 0.199080 0.222918 0.231599 0.230411 0.301093 0.229893 0.190563 0.217340 0.193898 0.263484 0.269296 0.159896 0.054854 0.179384 0.070985 0.183386 0.182980 0.178289 0.288642 0.124071 0.176588 0.207449 0.025179 0.055647 0.036306 0.048659 0.124918 0.096410 0.090772 0.068365 0.119138 0.155709 0.122563 0.168684 0.178778 0.223989 0.229446 0.149250 0.147176 0.236261 0.183953 0.203874 0.155680 0.221627 0.207025 0.221282 0.218442 0.160062 0.179855 0.200608 0.157715 0.171548 0.170261 0.143499 0.237894 0.205199 0.149026 0.168288 0.205679 0.218142 0.243849 0.222107 0.212359 0.209771 0.232153 0.240379 0.214423 0.239626 0.210740 0.209991 0.208229 0.152392 0.164260 0.195795 0.146093 0.193225 0.178915 0.231784 0.258360 0.254655 0.233592 0.215691 0.189984 0.234187 0.170095 0.138021 0.142656 0.105059 0.150061 0.163593 0.160300 0.182549 0.223186 0.232947 0.157187 0.173973 0.215308 0.212114 0.187718 0.167562 
0.073073 0.056106 0.049711 0.032078 0.110542 0.039427 0.095650 0.046905 0.147575 0.130453 0.150429 1 0.108252 0.068525 0.059963 0.120307 0.168023 0.084805 0.039604 0.132100 0.066691 0.047559 0.105688 0.104998 0.056877 0.121537 0.094265 0.076181 0.049396 0.090582 0.061013 0.113661 0.106488 0.021021 0.061571 0.113013 0.130679 0.169891 0.079265 0.234912 0.050292 0.039505 0.063705 0.164394 0.087342 0.014894 0.072757 0.077587 0.061795 0.053879 0.109343 0.204590 0.119542 0.078351 0.042903 0.061208 0.056530 0.052810 0.073459 0.100702 0.148795 0.156346 0.118527 0.122565 0.071805 0.073338 0.028433 0.026534 0.027588 0.108325 0.229636 0.211610 0.221111 0.274937 0.188616 0.215457 0.209066 0.381538 0.312464 0.174375 0.227566 0.301032 0.365810 0.299530 0.301233 0.233235 0.258170 0.292367 0.423423 0.393938 0.329334 0.260762 0.265998 0.314178 0.292366 0.187052 0.297103 0.274277 0.237244 0.254322 0.174544 0.210310 0.311841 0.290735 0.276591 0.257515 0.262261 0.218029 0.330997 0.241703 0.236287 0.302494 0.269929 0.362150 0.395284 0.272873 0.286172 0.282330 0.273172 0.329157 0.384702 0.240228 0.172191 0.239252 0.126404 0.276703 0.281871 0.211793 0.329608 0.253182 0.231323 0.266997 0.154724 0.171779 0.178802 0.114505 0.203084 0.107753 0.106734 0.158018 0.176950 0.254492 0.205445 0.201470 0.172028 0.255142 0.136801 0.151214 0.100592 0.242582 0.200630 0.269464 0.169902 0.165543 0.177497 0.242764 0.162390 0.174869 0.170646 0.217308 0.102017 0.160165 0.184923 0.148825 0.268741 0.107258 0.172303 0.133346 0.185888 0.168595 0.282809 0.268987 0.189258 0.228200 0.231611 0.224741 0.223460 0.222365 0.237464 0.093546 0.206668 0.175497 0.176879 0.207405 0.219171 0.167812 0.188348 0.200583 0.311849 0.240819 0.237957 0.181207 0.146835 0.223014 0.152283 0.163827 0.189955 0.144198 0.104427 0.089837 0.197151 0.084082 0.188920 0.326506 0.135151 0.134596 0.191986 0.315020 0.145078 0.206480 
0.115794 0.150571 0.064566 0.082343 0.172164 0.077032 0.053235 0.063137 0.183550 0.170282 0.085582 0.108252 1 0.041100 0.050657 0.037323 0.062327 0.146842 0.113225 0.061271 0.053797 0.067269 0.185044 0.154768 0.123249 0.192498 0.052581 0.091070 0.061429 0.035147 0.153192 0.095682 0.036262 0.089472 0.112800 0.145753 0.142380 0.176863 0.070396 0.129646 0.071796 0.087052 0.084092 0.102120 0.078711 0.115165 0.148024 0.078979 0.079880 0.108168 0.037409 0.126826 0.052633 0.045645 0.130750 0.121646 0.066161 0.145435 0.125480 0.147788 0.144952 0.165909 0.091925 0.038124 0.144712 0.095298 0.130814 0.087099 0.125477 0.063957 0.212632 0.174063 0.189695 0.284122 0.166517 0.171147 0.195801 0.370700 0.285671 0.185077 0.168048 0.266602 0.342815 0.332379 0.310270 0.253035 0.291027 0.289194 0.397132 0.375715 0.353589 0.266426 0.269525 0.268597 0.265582 0.174706 0.297403 0.298198 0.248792 0.277862 0.140657 0.238564 0.297971 0.293005 0.278113 0.273738 0.273457 0.207644 0.336120 0.274009 0.259275 0.299086 0.293639 0.314003 0.381875 0.294513 0.269017 0.289162 0.268991 0.336823 0.352669 0.234863 0.135282 0.247145 0.114752 0.262025 0.264005 0.236030 0.354138 0.206919 0.242429 0.276557 0.100617 0.135764 0.114733 0.086319 0.197170 0.128840 0.123963 0.137913 0.080346 0.150402 0.102206 0.113825 0.108650 0.172324 0.152384 0.076371 0.074062 0.173535 0.123251 0.172106 0.093848 0.142499 0.132626 0.164333 0.138265 0.098275 0.111613 0.141398 0.087491 0.100599 0.105703 0.073798 0.184619 0.128667 0.089054 0.094039 0.132660 0.139745 0.196270 0.176774 0.137290 0.149736 0.166666 0.168451 0.150702 0.167259 0.154110 0.140270 0.138043 0.090338 0.098872 0.131911 0.118191 0.119561 0.116598 0.155549 0.218145 0.182404 0.168438 0.138116 0.111147 0.164308 0.093471 0.073015 0.092121 0.045768 0.075043 0.084088 0.105703 0.105915 0.144626 0.221026 0.079003 0.092577 0.140174 0.208436 0.108752 0.114794 
0.092787 0.115652 0.034149 0.043931 0.148526 0.044220 0.054931 0.027612 0.168382 0.153548 0.106124 0.068525 0.041100 1 0.010268 0.064417 0.102247 0.121738 0.081306 0.072749 0.029470 0.032432 0.156077 0.122590 0.093631 0.166187 0.040891 0.061207 0.026070 0.027001 0.112840 0.094723 0.048922 0.049355 0.086202 0.130135 0.134065 0.173108 0.057678 0.169587 0.033851 0.047641 0.052299 0.122443 0.070004 0.074699 0.118403 0.064993 0.057788 0.079456 0.054669 0.156198 0.068414 0.033856 0.094751 0.093100 0.040747 0.111073 0.101067 0.116139 0.130036 0.147331 0.082149 0.057159 0.107186 0.065517 0.092452 0.048035 0.087619 0.057336 0.218796 0.187146 0.201164 0.282504 0.173057 0.187011 0.199943 0.377535 0.297241 0.179928 0.190101 0.281357 0.354123 0.322432 0.308929 0.246437 0.280628 0.291666 0.410213 0.385586 0.347014 0.265685 0.269561 0.287668 0.276352 0.177408 0.299113 0.290748 0.244920 0.270517 0.151171 0.228855 0.305351 0.293804 0.279047 0.269320 0.270744 0.211328 0.336361 0.263472 0.251988 0.302342 0.286803 0.334346 0.389924 0.288127 0.277303 0.288344 0.272074 0.336350 0.367484 0.237418 0.146298 0.245292 0.114516 0.269017 0.271919 0.227637 0.347602 0.225205 0.239199 0.274637 0.116155 0.146268 0.136274 0.088994 0.198551 0.114225 0.110728 0.141757 0.110974 0.187446 0.138329 0.138835 0.118754 0.195212 0.129962 0.091710 0.059175 0.188973 0.142172 0.203647 0.110684 0.134700 0.134505 0.184688 0.131077 0.115516 0.119268 0.159824 0.069301 0.108139 0.125071 0.088941 0.208706 0.102844 0.110379 0.089642 0.138706 0.134519 0.221519 0.205292 0.143123 0.169957 0.179828 0.177775 0.167749 0.175703 0.177184 0.107326 0.152730 0.113168 0.117375 0.150162 0.152169 0.122073 0.131771 0.158749 0.247893 0.193287 0.184307 0.139681 0.107369 0.174363 0.100341 0.099377 0.123592 0.077203 0.061940 0.062720 0.132931 0.078163 0.147317 0.258602 0.082865 0.090330 0.146072 0.247221 0.104774 0.142343 
0.090993 0.108734 0.031515 0.035679 0.145414 0.040121 0.061681 0.024228 0.168204 0.152797 0.114246 0.059963 0.050657 0.010268 1 0.073343 0.111910 0.118330 0.075213 0.077831 0.032477 0.029866 0.151100 0.114938 0.089101 0.162196 0.042556 0.055109 0.023410 0.034097 0.103186 0.098915 0.058091 0.041002 0.083701 0.129963 0.135905 0.175436 0.061047 0.179560 0.027672 0.039685 0.045693 0.130574 0.073335 0.065380 0.113687 0.067152 0.057681 0.076416 0.063762 0.165037 0.076986 0.040196 0.088607 0.089776 0.040925 0.104611 0.098605 0.108121 0.126639 0.142917 0.081034 0.064975 0.097832 0.058665 0.084682 0.041003 0.080434 0.059524 0.223427 0.193420 0.206909 0.284903 0.178068 0.193763 0.204158 0.381642 0.302704 0.182054 0.198077 0.287348 0.359207 0.322650 0.311301 0.247909 0.280851 0.295203 0.415547 0.390315 0.348054 0.268367 0.272387 0.294527 0.281802 0.181627 0.302291 0.291838 0.247112 0.271571 0.157116 0.229428 0.309678 0.296776 0.282100 0.270980 0.273003 0.215359 0.339153 0.263629 0.252999 0.305718 0.287806 0.341370 0.394229 0.289355 0.281827 0.290951 0.275553 0.338869 0.373309 0.241015 0.152490 0.247740 0.118199 0.273447 0.276566 0.228617 0.348518 0.232069 0.241395 0.276923 0.123835 0.152453 0.144734 0.094532 0.202229 0.115275 0.112105 0.146755 0.119745 0.196984 0.147764 0.145714 0.122630 0.201173 0.125217 0.097071 0.059665 0.193189 0.147787 0.211561 0.116537 0.133650 0.136237 0.190074 0.130253 0.121133 0.122785 0.165103 0.068545 0.111863 0.130676 0.094720 0.214637 0.097442 0.117013 0.091205 0.141169 0.134233 0.227788 0.212198 0.145322 0.175297 0.183577 0.180511 0.172381 0.178120 0.183011 0.099964 0.156652 0.119860 0.123084 0.155300 0.161030 0.124087 0.136791 0.160062 0.254946 0.196004 0.188486 0.140902 0.108107 0.177306 0.103659 0.106618 0.131595 0.086129 0.062469 0.059527 0.140114 0.072110 0.148488 0.267612 0.086026 0.091459 0.148259 0.256650 0.105354 0.149515 
0.105400 0.151309 0.072222 0.098936 0.158132 0.082457 0.038227 0.074977 0.162647 0.150445 0.054389 0.120307 0.037323 0.064417 0.073343 1 0.061914 0.135632 0.114881 0.095867 0.062130 0.077870 0.176293 0.184861 0.119324 0.180547 0.088254 0.122884 0.073192 0.066693 0.173863 0.070188 0.041246 0.103707 0.106256 0.125949 0.117821 0.147568 0.060227 0.119537 0.094783 0.108777 0.111857 0.071294 0.061253 0.130481 0.141752 0.065917 0.073745 0.104413 0.024756 0.094853 0.039073 0.048148 0.134538 0.116392 0.066892 0.145469 0.115087 0.177947 0.180731 0.200854 0.127422 0.070626 0.169822 0.125038 0.138090 0.099389 0.131984 0.099681 0.180022 0.140685 0.155439 0.252484 0.134454 0.137332 0.163942 0.336372 0.251480 0.156659 0.135220 0.230875 0.307407 0.304884 0.278636 0.224629 0.263904 0.257217 0.361561 0.340453 0.324295 0.234727 0.237686 0.233128 0.232859 0.144449 0.264765 0.270122 0.219518 0.249376 0.106903 0.211540 0.263139 0.260883 0.245825 0.243338 0.242590 0.175208 0.304269 0.247285 0.230702 0.265718 0.264420 0.279215 0.347036 0.265558 0.233950 0.257384 0.235846 0.304759 0.317036 0.202395 0.102795 0.215822 0.085076 0.227645 0.230091 0.208434 0.324644 0.171253 0.211890 0.245106 0.073183 0.103992 0.085186 0.059291 0.166277 0.112190 0.105772 0.108341 0.096776 0.152192 0.108635 0.137911 0.141662 0.196700 0.187082 0.108993 0.107879 0.203307 0.151308 0.186906 0.123212 0.179003 0.167366 0.190992 0.174289 0.127674 0.144805 0.169415 0.120509 0.134112 0.134955 0.105700 0.208256 0.161522 0.116398 0.129348 0.166709 0.175712 0.218610 0.196609 0.171533 0.177002 0.197678 0.200948 0.180037 0.200590 0.179513 0.170530 0.169318 0.117419 0.128384 0.160638 0.129761 0.154635 0.146612 0.190441 0.235757 0.214422 0.198093 0.173325 0.146651 0.196864 0.128170 0.099383 0.111859 0.068630 0.109841 0.116723 0.128896 0.136321 0.179622 0.224977 0.114354 0.128536 0.174468 0.208346 0.144767 0.137304 
0.165761 0.207626 0.121458 0.141078 0.218887 0.134275 0.094986 0.121794 0.221003 0.210333 0.091930 0.168023 0.062327 0.102247 0.111910 0.061914 1 0.195832 0.168260 0.083198 0.111156 0.125651 0.236303 0.204870 0.178409 0.241466 0.101457 0.144070 0.120918 0.089457 0.212311 0.128531 0.078182 0.150176 0.164768 0.185812 0.175619 0.201604 0.117682 0.073730 0.129061 0.144851 0.137576 0.102886 0.121031 0.174951 0.201194 0.125564 0.132008 0.161905 0.074154 0.104904 0.080664 0.098252 0.188390 0.174544 0.120825 0.201063 0.175219 0.199150 0.178519 0.201186 0.127325 0.067168 0.201142 0.147413 0.190180 0.147286 0.184062 0.104634 0.221618 0.175443 0.192309 0.300305 0.178458 0.168378 0.209038 0.373082 0.283019 0.210624 0.153778 0.259327 0.338827 0.358756 0.325845 0.276937 0.318512 0.299983 0.389506 0.373121 0.375206 0.282248 0.284528 0.254030 0.265458 0.191370 0.308909 0.322137 0.269657 0.302264 0.149213 0.266881 0.301073 0.306164 0.291335 0.294386 0.291324 0.220307 0.348798 0.302766 0.284392 0.308876 0.316877 0.296334 0.382230 0.317397 0.272045 0.304300 0.279704 0.350476 0.342881 0.247619 0.144145 0.265036 0.141305 0.266923 0.268060 0.262838 0.376019 0.196723 0.262191 0.293807 0.108715 0.145174 0.107945 0.114286 0.213803 0.169198 0.163486 0.155623 0.058157 0.099221 0.057132 0.092385 0.116104 0.148233 0.192923 0.085697 0.117185 0.162623 0.111970 0.131906 0.094461 0.168132 0.146046 0.145544 0.162510 0.098183 0.122585 0.128798 0.130446 0.112943 0.098878 0.084240 0.156380 0.173517 0.082817 0.122938 0.141043 0.161732 0.166434 0.141702 0.145009 0.132554 0.160084 0.166220 0.139234 0.167898 0.131599 0.191925 0.132569 0.079877 0.094288 0.120068 0.077252 0.135768 0.114457 0.164911 0.178124 0.176976 0.156423 0.151436 0.134706 0.162655 0.108684 0.062681 0.062355 0.044981 0.116941 0.129828 0.082308 0.154387 0.155685 0.165991 0.102593 0.119238 0.147399 0.151223 0.134036 0.088623 
0.039724 0.048799 0.091326 0.101613 0.028161 0.079306 0.106758 0.096643 0.075436 0.054130 0.141990 0.084805 0.146842 0.121738 0.118330 0.135632 0.195832 1 0.059039 0.193544 0.103632 0.095289 0.041279 0.188280 0.037889 0.048915 0.160544 0.156951 0.097243 0.145444 0.134513 0.087959 0.135803 0.092191 0.043876 0.044523 0.072424 0.099977 0.085399 0.250982 0.121173 0.117597 0.140873 0.150065 0.078179 0.097190 0.021919 0.073305 0.069049 0.050830 0.128679 0.188987 0.134509 0.107581 0.063501 0.042896 0.083914 0.045698 0.026504 0.183555 0.230924 0.239572 0.193354 0.174694 0.152398 0.153176 0.069650 0.089067 0.068223 0.176146 0.169478 0.167234 0.169147 0.196932 0.137751 0.174635 0.149479 0.308365 0.250670 0.104164 0.196616 0.241538 0.297459 0.218097 0.223340 0.156062 0.176417 0.221596 0.354706 0.322470 0.248700 0.184984 0.191148 0.260955 0.234389 0.132089 0.222402 0.196187 0.163990 0.174558 0.133429 0.129577 0.240875 0.216067 0.202189 0.177726 0.185025 0.154077 0.254899 0.160089 0.155593 0.228118 0.188142 0.308883 0.322016 0.193225 0.217353 0.205643 0.200277 0.251063 0.320228 0.171390 0.136453 0.163032 0.084035 0.208351 0.216414 0.132566 0.248105 0.205569 0.154772 0.189057 0.142158 0.136418 0.164432 0.097536 0.139775 0.069860 0.067622 0.116362 0.219833 0.283974 0.239680 0.256379 0.239167 0.314554 0.221086 0.212402 0.171799 0.309858 0.261759 0.315864 0.229541 0.245533 0.251561 0.304944 0.241594 0.234983 0.238628 0.279858 0.176023 0.227530 0.245547 0.208811 0.328015 0.190723 0.228595 0.205470 0.257919 0.247122 0.340379 0.322390 0.262079 0.290391 0.300523 0.296811 0.288664 0.295345 0.297128 0.177844 0.273774 0.231544 0.237296 0.270414 0.259234 0.240470 0.251518 0.276181 0.363901 0.312725 0.305121 0.256440 0.221737 0.294483 0.220451 0.216428 0.237464 0.188554 0.176154 0.165950 0.250035 0.164817 0.264089 0.359741 0.202851 0.207149 0.264953 0.342613 0.220328 0.259291 
0.059342 0.046210 0.049659 0.049542 0.086326 0.040521 0.093055 0.056413 0.130081 0.109663 0.143075 0.039604 0.113225 0.081306 0.075213 0.114881 0.168260 0.059039 1 0.149521 0.076576 0.061806 0.084988 0.136355 0.045174 0.102352 0.114366 0.105832 0.060621 0.107370 0.092357 0.100311 0.113849 0.049168 0.052944 0.091778 0.112198 0.146170 0.075939 0.233957 0.075318 0.069978 0.086825 0.156306 0.075417 0.049661 0.055536 0.067496 0.054715 0.050197 0.109848 0.193252 0.121923 0.082738 0.055545 0.055627 0.054797 0.039932 0.055265 0.129638 0.175861 0.184254 0.140268 0.137062 0.101941 0.097746 0.044062 0.051270 0.044522 0.131649 0.211274 0.196423 0.202899 0.250628 0.171996 0.200605 0.190918 0.358649 0.293147 0.152791 0.215156 0.279486 0.342830 0.276626 0.277863 0.211701 0.234567 0.272426 0.400044 0.370204 0.306568 0.237436 0.243240 0.294096 0.275836 0.170989 0.274394 0.253562 0.217398 0.231534 0.158113 0.186302 0.288024 0.268559 0.253947 0.232787 0.239074 0.197875 0.309142 0.218191 0.211921 0.278922 0.244988 0.343038 0.371533 0.250201 0.262075 0.259112 0.249888 0.305728 0.362411 0.218959 0.158754 0.215138 0.104212 0.253958 0.261279 0.188557 0.305804 0.234155 0.207603 0.242742 0.149432 0.159145 0.171796 0.102610 0.184175 0.100000 0.096567 0.144419 0.189485 0.261284 0.213336 0.217526 0.194877 0.274242 0.169343 0.169382 0.127296 0.265281 0.220350 0.282982 0.190116 0.194315 0.203589 0.262864 0.189528 0.195126 0.195369 0.238163 0.131911 0.183570 0.203556 0.167667 0.286013 0.137851 0.189951 0.160119 0.210588 0.196314 0.300695 0.283772 0.213254 0.247439 0.255071 0.247938 0.244326 0.246575 0.255259 0.128394 0.226988 0.191661 0.195496 0.226815 0.229923 0.193912 0.210313 0.225987 0.325894 0.262885 0.259181 0.206265 0.172038 0.247069 0.173871 0.176619 0.201346 0.154478 0.130843 0.112974 0.211623 0.109360 0.212885 0.332678 0.156528 0.157194 0.216039 0.319006 0.170822 0.221006 
0.163922 0.185083 0.103443 0.104717 0.220334 0.115188 0.108124 0.097771 0.235582 0.222634 0.139421 0.132100 0.061271 0.072749 0.077831 0.095867 0.083198 0.193544 0.149521 1 0.095429 0.101277 0.227831 0.131662 0.166017 0.238253 0.039349 0.076180 0.097514 0.051274 0.155708 0.153066 0.082103 0.114776 0.157067 0.198443 0.197761 0.234626 0.121362 0.146021 0.083696 0.096954 0.080900 0.154332 0.133279 0.132580 0.190372 0.131322 0.127925 0.150208 0.092770 0.175273 0.102254 0.093138 0.161969 0.163620 0.110495 0.179968 0.172577 0.127599 0.098372 0.121683 0.051081 0.029304 0.138333 0.084461 0.158585 0.115089 0.153946 0.031414 0.268846 0.228516 0.245786 0.341852 0.222756 0.224916 0.252306 0.427898 0.340700 0.241566 0.217510 0.322136 0.399308 0.388190 0.367981 0.308923 0.346552 0.345504 0.453245 0.432667 0.410261 0.324077 0.327252 0.321813 0.319596 0.230470 0.354940 0.353757 0.304713 0.334274 0.197039 0.294339 0.355685 0.350423 0.335654 0.331385 0.330526 0.264714 0.393212 0.329861 0.316338 0.357313 0.350890 0.365575 0.439313 0.351272 0.327139 0.346685 0.327066 0.394571 0.407757 0.292095 0.190249 0.304843 0.172699 0.319523 0.320724 0.292024 0.411405 0.261107 0.299670 0.334501 0.151021 0.190252 0.162646 0.141866 0.253796 0.177933 0.174680 0.192572 0.066522 0.145340 0.097837 0.071326 0.050149 0.125034 0.111290 0.020193 0.045669 0.117894 0.071638 0.142380 0.045290 0.086822 0.072142 0.113454 0.082353 0.049841 0.055166 0.089324 0.057747 0.042341 0.054248 0.021954 0.137330 0.097004 0.045126 0.042660 0.072091 0.081972 0.151844 0.137368 0.076340 0.098044 0.109275 0.108397 0.095774 0.107270 0.106102 0.118886 0.080862 0.045577 0.046608 0.077909 0.101730 0.060496 0.063629 0.094860 0.180192 0.123433 0.112101 0.077671 0.054771 0.104852 0.032650 0.037219 0.065349 0.043167 0.042425 0.061619 0.067275 0.087156 0.084569 0.205774 0.020148 0.038189 0.079372 0.200547 0.052217 0.076330 
0.069622 0.104167 0.035188 0.053584 0.128490 0.036991 0.036002 0.027913 0.142037 0.128942 0.089725 0.066691 0.053797 0.029470 0.032477 0.062130 0.111156 0.103632 0.076576 0.095429 1 0.020697 0.139130 0.140354 0.075460 0.145806 0.066818 0.082663 0.020784 0.044534 0.118797 0.070780 0.040779 0.047984 0.063984 0.106071 0.108124 0.148817 0.032339 0.171861 0.047679 0.058042 0.075064 0.104910 0.048242 0.077181 0.100721 0.042167 0.036282 0.057824 0.045173 0.144263 0.053726 0.017689 0.079072 0.071123 0.026615 0.099801 0.079897 0.135389 0.155462 0.171675 0.109711 0.073976 0.120475 0.089095 0.083568 0.041452 0.076917 0.079195 0.193507 0.164222 0.178094 0.257247 0.148371 0.165362 0.174295 0.352551 0.273154 0.154324 0.171601 0.259533 0.330677 0.296542 0.283058 0.220066 0.255218 0.265231 0.387270 0.361786 0.320719 0.240201 0.243907 0.267494 0.251430 0.151267 0.273441 0.263885 0.217973 0.244469 0.128893 0.203735 0.281361 0.267809 0.253368 0.244062 0.245036 0.186083 0.310021 0.238058 0.226714 0.277221 0.261650 0.313955 0.365529 0.261982 0.254033 0.262611 0.247155 0.310480 0.345086 0.211912 0.123386 0.220220 0.093887 0.244889 0.247175 0.202126 0.321721 0.205322 0.213930 0.249304 0.095884 0.122934 0.119002 0.067621 0.172596 0.085906 0.082926 0.116609 0.120385 0.192997 0.145612 0.155824 0.139070 0.212503 0.150739 0.112740 0.078782 0.208921 0.160541 0.216167 0.127308 0.158088 0.156565 0.203252 0.155473 0.132406 0.138120 0.178029 0.086574 0.128230 0.144393 0.107944 0.227685 0.124208 0.126884 0.110048 0.160684 0.157941 0.238575 0.222178 0.166375 0.189474 0.200311 0.200857 0.188084 0.198573 0.196175 0.123163 0.175326 0.131260 0.136613 0.170350 0.161893 0.143330 0.149471 0.182420 0.264435 0.217214 0.205613 0.163658 0.131305 0.196258 0.123407 0.118277 0.139171 0.090625 0.082745 0.088632 0.149897 0.101528 0.172222 0.268575 0.106119 0.115851 0.169414 0.254967 0.128539 0.159215 
