
---	Treino para o 0-fold	---
Max epochs   100000. Desired error: 0.0010000000.
Epochs            1. Current error: 0.0956675708. Bit fail 400.
Epochs          107. Current error: 0.0009315852. Bit fail 0.

---	Treino para o 1-fold	---
Max epochs   100000. Desired error: 0.0010000000.
Epochs            1. Current error: 0.0012827259. Bit fail 0.
Epochs            2. Current error: 0.0009389894. Bit fail 0.

---	Treino para o 2-fold	---
Max epochs   100000. Desired error: 0.0010000000.
Epochs            1. Current error: 0.0008931841. Bit fail 0.

---	Treino para o 3-fold	---
Max epochs   100000. Desired error: 0.0010000000.
Epochs            1. Current error: 0.0010555947. Bit fail 0.
Epochs            2. Current error: 0.0008485917. Bit fail 0.

---	Treino para o 4-fold	---
Max epochs   100000. Desired error: 0.0010000000.
Epochs            1. Current error: 0.0007793087. Bit fail 0.

---	Treino para o 5-fold	---
Max epochs   100000. Desired error: 0.0010000000.
Epochs            1. Current error: 0.0007311050. Bit fail 0.

---	Treino para o 6-fold	---
Max epochs   100000. Desired error: 0.0010000000.
Epochs            1. Current error: 0.0007105716. Bit fail 0.

---	Treino para o 7-fold	---
Max epochs   100000. Desired error: 0.0010000000.
Epochs            1. Current error: 0.0007563102. Bit fail 0.

---	Treino para o 8-fold	---
Max epochs   100000. Desired error: 0.0010000000.
Epochs            1. Current error: 0.0008208760. Bit fail 0.

---	Treino para o 9-fold	---
Max epochs   100000. Desired error: 0.0010000000.
Epochs            1. Current error: 0.0009212573. Bit fail 0.



>>>	ACURACIA: 0.009627
>>>	Hidden neurons: 5

1 0.061907 0.062962 0.080316 0.074569 0.038580 0.030845 0.027126 0.084722 0.034928 0.059385 0.028299 0.050429 0.034848 0.042365 0.058587 0.057021 0.078834 0.129692 0.052922 0.047982 0.043217 0.080128 0.073612 0.034510 0.028707 0.051384 0.063797 0.017574 0.059478 0.066301 0.015309 0.060866 0.028794 0.022528 0.029762 0.040727 0.062091 0.032776 0.042976 0.042564 0.039471 0.049978 0.068882 0.034018 0.034799 0.041582 0.015122 0.008659 0.035350 0.022407 0.036923 0.094965 0.043083 0.084314 0.058395 0.033301 0.051255 0.026740 0.091415 0.085202 0.079532 0.064243 0.064301 0.061184 0.073419 0.023818 0.030439 0.049105 0.102175 0.121500 0.111253 0.085246 0.101311 0.097594 0.108108 0.120139 0.152666 0.166663 0.065805 0.126024 0.098500 0.125135 0.106230 0.106864 0.116337 0.091986 0.167541 0.130860 0.133843 0.130592 0.095665 0.098736 0.103079 0.197187 0.116075 0.117722 0.161908 0.148364 0.096113 0.065421 0.069033 0.102313 0.124392 0.109110 0.078707 0.110056 0.098435 0.158677 0.069440 0.072644 0.924333 0.915752 0.929836 0.934954 0.922441 0.916278 0.922982 0.919770 0.929310 0.931898 0.919904 0.908864 0.914233 0.888866 0.918993 0.925531 0.912135 0.927947 0.911769 0.913973 0.918151 0.906488 0.909658 0.906363 0.893124 0.914876 0.907220 0.904466 0.908318 0.891340 0.895109 0.890605 0.880003 0.881481 0.884177 0.873165 0.875686 0.884181 0.878934 0.881931 0.890137 0.887442 0.871770 0.877393 0.881711 0.865512 0.888106 0.887147 0.884722 0.886829 0.882378 0.879023 0.880742 0.873138 0.867322 0.885067 0.882792 0.878392 0.872884 0.881070 0.875844 0.871129 0.877433 0.878784 0.865298 0.877087 0.870035 0.876255 0.874666 0.868452 0.878029 0.879177 0.875870 0.889202 0.881318 0.887391 0.869171 0.873723 0.857355 0.872550 0.867830 0.869520 0.874792 0.871619 0.871746 0.876704 0.880552 0.882106 0.037408 0.092995 0.051660 0.104079 0.100355 0.080893 0.063593 0.125551 0.079194 0.114422 0.100421 
0.061907 1 0.015003 0.023166 0.038662 0.025718 0.091685 0.037303 0.144084 0.082176 0.120545 0.047983 0.041636 0.054581 0.056474 0.030266 0.039943 0.032769 0.070319 0.099150 0.104140 0.100763 0.031541 0.110770 0.033241 0.043941 0.082820 0.097672 0.059372 0.113047 0.104650 0.068157 0.121303 0.063900 0.083500 0.075756 0.096729 0.075638 0.094537 0.092583 0.098402 0.093955 0.030525 0.129425 0.048484 0.052749 0.024791 0.055238 0.056286 0.095813 0.080960 0.075632 0.155080 0.102657 0.142033 0.118121 0.033963 0.019435 0.044381 0.056919 0.102139 0.102602 0.059689 0.119271 0.063103 0.040628 0.067862 0.081712 0.104325 0.152743 0.180718 0.171491 0.140746 0.135654 0.157461 0.168932 0.181418 0.208195 0.226052 0.119897 0.186702 0.138019 0.174978 0.157004 0.156374 0.173017 0.139254 0.226513 0.171393 0.176682 0.184777 0.141913 0.152106 0.144249 0.258389 0.176689 0.169095 0.221833 0.208644 0.149349 0.121553 0.111938 0.141698 0.181067 0.161405 0.114482 0.160057 0.156202 0.215769 0.115273 0.100875 0.986042 0.977488 0.991522 0.996623 0.984151 0.978006 0.984706 0.981488 0.991010 0.993582 0.981614 0.970571 0.975971 0.950599 0.980725 0.987224 0.973871 0.989639 0.973506 0.975712 0.979882 0.968168 0.971365 0.968084 0.954843 0.976597 0.968872 0.966135 0.970041 0.952923 0.956758 0.952235 0.941557 0.942881 0.945573 0.934387 0.937202 0.945652 0.940251 0.943404 0.951634 0.948912 0.933010 0.938745 0.943079 0.926870 0.949512 0.948482 0.946103 0.948282 0.943805 0.940483 0.942269 0.934591 0.928724 0.946576 0.944217 0.939684 0.934158 0.942485 0.937345 0.932473 0.938847 0.940082 0.926685 0.938450 0.931281 0.937674 0.936034 0.929827 0.939593 0.940678 0.937333 0.950812 0.942624 0.948779 0.930421 0.935230 0.918697 0.933903 0.929187 0.930986 0.936053 0.933119 0.933349 0.938295 0.942167 0.943571 0.050940 0.147901 0.042813 0.147415 0.156460 0.131233 0.105640 0.175705 0.135510 0.164450 0.155723 
0.062962 0.015003 1 0.018715 0.039594 0.024724 0.091261 0.036403 0.145573 0.083433 0.119541 0.050676 0.034525 0.052987 0.055313 0.016816 0.027285 0.032682 0.068411 0.098212 0.104646 0.101931 0.034636 0.113858 0.034684 0.048019 0.082050 0.098724 0.059353 0.113169 0.108255 0.066751 0.121071 0.065317 0.085083 0.076676 0.097118 0.074310 0.094822 0.087145 0.099847 0.095870 0.029989 0.128310 0.046336 0.055821 0.028385 0.054454 0.056350 0.097585 0.079387 0.070198 0.155253 0.102957 0.144630 0.120224 0.032305 0.025613 0.045564 0.057852 0.102686 0.104219 0.057685 0.118847 0.066417 0.039325 0.071102 0.083270 0.107163 0.153444 0.180705 0.171118 0.139825 0.135230 0.157389 0.168409 0.181813 0.207768 0.225719 0.120383 0.186007 0.135858 0.173714 0.158215 0.156430 0.173938 0.140444 0.226817 0.169255 0.175213 0.185643 0.141762 0.152136 0.141688 0.258437 0.177032 0.168933 0.223097 0.209611 0.150248 0.120778 0.112841 0.140381 0.181293 0.161368 0.114509 0.160336 0.156212 0.216060 0.116410 0.100952 0.985936 0.977413 0.991326 0.996291 0.984146 0.977860 0.984614 0.981423 0.990843 0.993259 0.981701 0.970868 0.975969 0.950902 0.980593 0.987217 0.973972 0.989564 0.973503 0.975728 0.979820 0.968566 0.971649 0.968356 0.955214 0.976721 0.969378 0.966613 0.970290 0.953665 0.957307 0.952869 0.942403 0.943976 0.946652 0.935761 0.938122 0.946642 0.941457 0.944386 0.952513 0.949881 0.934348 0.939933 0.944205 0.928079 0.950568 0.949645 0.947207 0.949300 0.944857 0.941483 0.943161 0.935618 0.929872 0.947486 0.945278 0.940934 0.935458 0.943533 0.938273 0.933677 0.939925 0.941317 0.927848 0.939598 0.932599 0.938733 0.937218 0.930976 0.940424 0.941619 0.938349 0.951491 0.943845 0.949865 0.931745 0.936146 0.919926 0.935084 0.930384 0.932025 0.937344 0.934085 0.934110 0.939058 0.942873 0.944571 0.050831 0.146780 0.043780 0.147540 0.152701 0.131389 0.105539 0.176057 0.131038 0.165354 0.154602 
0.080316 0.023166 0.018715 1 0.036440 0.042641 0.109317 0.054457 0.161548 0.097596 0.137603 0.068254 0.051644 0.071268 0.072957 0.031491 0.040030 0.025148 0.049877 0.116745 0.123079 0.120149 0.026320 0.130947 0.052358 0.061626 0.099912 0.116171 0.077755 0.131713 0.125352 0.083573 0.139350 0.083375 0.102123 0.091097 0.112640 0.081904 0.112517 0.104705 0.118042 0.113942 0.046466 0.145144 0.059952 0.073010 0.041724 0.071020 0.074241 0.115195 0.097506 0.085613 0.173603 0.121215 0.162483 0.137934 0.048515 0.035313 0.060181 0.063350 0.118062 0.120281 0.072397 0.137472 0.080971 0.048943 0.088684 0.101449 0.124940 0.171786 0.196448 0.187409 0.154656 0.144220 0.173526 0.185045 0.198638 0.221953 0.241413 0.134951 0.202547 0.146432 0.186391 0.171205 0.169104 0.188715 0.152746 0.242286 0.179301 0.185767 0.199441 0.153796 0.166025 0.152623 0.275095 0.193439 0.182028 0.239119 0.225819 0.164086 0.136077 0.124774 0.150674 0.196012 0.174830 0.124622 0.173115 0.171525 0.230759 0.128895 0.109846 1.003155 0.994625 1.008520 1.013428 1.001401 0.995048 1.001835 0.998651 1.008042 1.010399 0.998991 0.988222 0.993212 0.968219 0.997791 1.004480 0.991251 1.006797 0.990748 0.992978 0.997045 0.985954 0.989000 0.985700 0.972565 0.994017 0.986797 0.984019 0.987624 0.971150 0.974745 0.970322 0.959906 0.961542 0.964229 0.953366 0.955635 0.964177 0.959055 0.961928 0.970048 0.967423 0.951953 0.957513 0.961790 0.945644 0.968134 0.967233 0.964786 0.966844 0.962414 0.959026 0.960672 0.953172 0.947418 0.965009 0.962832 0.958534 0.953056 0.961104 0.955805 0.951257 0.957490 0.958919 0.945412 0.957180 0.950210 0.956297 0.954779 0.948547 0.957917 0.959145 0.955893 0.968959 0.961439 0.967439 0.949351 0.953681 0.937502 0.952669 0.947956 0.949555 0.954954 0.951602 0.951570 0.956533 0.960328 0.962106 0.068669 0.165474 0.059445 0.165470 0.171144 0.149843 0.123704 0.194396 0.148971 0.183619 0.173298 
0.074569 0.038662 0.039594 0.036440 1 0.048675 0.103842 0.056754 0.144416 0.078299 0.130636 0.074641 0.069434 0.081934 0.086671 0.046908 0.047004 0.012439 0.067724 0.122515 0.122312 0.117567 0.015025 0.138962 0.060702 0.048455 0.111263 0.126934 0.080141 0.133188 0.132018 0.074286 0.134240 0.089325 0.092591 0.073058 0.095970 0.052564 0.104787 0.101197 0.116420 0.112696 0.064580 0.131728 0.045526 0.081861 0.036198 0.062416 0.071767 0.108200 0.093288 0.075162 0.168328 0.117248 0.157256 0.130916 0.044656 0.029957 0.048238 0.094423 0.136435 0.135447 0.094658 0.138173 0.098696 0.077628 0.089746 0.102348 0.121996 0.175546 0.177632 0.170609 0.134530 0.113772 0.156452 0.169559 0.183534 0.198835 0.221901 0.114429 0.186422 0.119201 0.161151 0.145987 0.143514 0.167244 0.126628 0.221960 0.150873 0.157351 0.175440 0.127439 0.143004 0.126159 0.258364 0.176839 0.157084 0.220565 0.208017 0.140853 0.117746 0.098867 0.122310 0.174328 0.150717 0.095913 0.147586 0.151952 0.208523 0.103857 0.079934 0.987407 0.978737 0.992752 0.997457 0.985789 0.979092 0.986045 0.982907 0.992243 0.994387 0.983518 0.972959 0.977449 0.952654 0.981872 0.988964 0.975628 0.991161 0.974998 0.977237 0.981237 0.970874 0.973724 0.970353 0.957177 0.978521 0.971866 0.968993 0.972237 0.956533 0.959884 0.955517 0.945352 0.947466 0.950227 0.939612 0.941170 0.949867 0.945224 0.947652 0.955788 0.953175 0.938201 0.943517 0.947850 0.931532 0.954082 0.953359 0.950810 0.952596 0.948263 0.944776 0.946187 0.938959 0.933158 0.950625 0.948663 0.944726 0.939219 0.947061 0.941467 0.937265 0.943387 0.945122 0.931265 0.943217 0.936494 0.942198 0.940653 0.934503 0.943297 0.944758 0.941617 0.954243 0.947607 0.953438 0.935592 0.939349 0.923463 0.938702 0.933900 0.935168 0.941225 0.937144 0.936751 0.941823 0.945508 0.947807 0.080343 0.166631 0.077637 0.174046 0.169821 0.153764 0.131675 0.198872 0.144472 0.187656 0.174150 
0.038580 0.025718 0.024724 0.042641 0.048675 1 0.067133 0.012016 0.122238 0.062896 0.095785 0.028467 0.026664 0.033503 0.038174 0.024905 0.029826 0.047717 0.092467 0.076391 0.080694 0.077546 0.049118 0.093175 0.013899 0.029232 0.062914 0.079150 0.035493 0.089852 0.086990 0.044328 0.096968 0.042851 0.060780 0.056096 0.074985 0.065361 0.070546 0.067193 0.075559 0.071597 0.021239 0.105449 0.031162 0.035404 0.016482 0.032126 0.031893 0.072908 0.055837 0.052914 0.131090 0.078634 0.120059 0.095522 0.013557 0.022762 0.026302 0.063502 0.088682 0.087773 0.049383 0.095532 0.053731 0.043468 0.047234 0.059305 0.082734 0.130943 0.158219 0.148298 0.118924 0.121470 0.134583 0.145359 0.158159 0.187057 0.203384 0.099174 0.163114 0.121002 0.155321 0.138283 0.137458 0.152020 0.121520 0.204383 0.154629 0.159507 0.164792 0.123828 0.131753 0.126525 0.235066 0.153755 0.149481 0.199729 0.186211 0.129505 0.099359 0.094927 0.125326 0.159747 0.141463 0.099458 0.141092 0.134209 0.194423 0.097588 0.087956 0.962349 0.953794 0.967805 0.972865 0.960494 0.954291 0.961010 0.957806 0.967298 0.969820 0.957988 0.947018 0.952302 0.927042 0.957011 0.963573 0.950240 0.965965 0.949837 0.952049 0.956195 0.944661 0.947808 0.944515 0.931312 0.952979 0.945414 0.942661 0.946465 0.929570 0.933312 0.928827 0.918250 0.919718 0.922401 0.911390 0.913939 0.922429 0.917154 0.920173 0.928357 0.925679 0.909992 0.915631 0.919935 0.903764 0.926334 0.925367 0.922948 0.925074 0.920618 0.917266 0.918990 0.911380 0.905584 0.923309 0.921035 0.916614 0.911113 0.919295 0.914084 0.909368 0.915670 0.917002 0.903548 0.915316 0.908251 0.914489 0.912920 0.906692 0.916278 0.917424 0.914118 0.927426 0.919540 0.925617 0.907392 0.911960 0.895601 0.910783 0.906076 0.907781 0.913006 0.909878 0.909999 0.914948 0.918793 0.920354 0.031929 0.123983 0.032604 0.127000 0.131074 0.108905 0.084545 0.153934 0.109845 0.142973 0.131775 
0.030845 0.091685 0.091261 0.109317 0.103842 0.067133 1 0.055125 0.063782 0.043440 0.029038 0.050580 0.071285 0.050825 0.056864 0.084151 0.080838 0.108546 0.158971 0.037698 0.024056 0.019918 0.110359 0.063984 0.061443 0.058311 0.050264 0.057449 0.035287 0.035796 0.058069 0.030976 0.030646 0.040311 0.017760 0.042275 0.034238 0.080746 0.007634 0.031683 0.022401 0.023607 0.074456 0.044414 0.059884 0.053191 0.072098 0.041541 0.035432 0.014913 0.013312 0.045338 0.065106 0.014908 0.058845 0.033254 0.062237 0.081688 0.055836 0.112307 0.084648 0.076893 0.078668 0.038013 0.075105 0.095837 0.034632 0.024845 0.030589 0.077819 0.098611 0.086739 0.068700 0.102748 0.074388 0.082422 0.093851 0.133246 0.142565 0.054741 0.100147 0.095504 0.111846 0.094574 0.095881 0.097377 0.084968 0.144256 0.124570 0.125948 0.113916 0.088591 0.084389 0.098047 0.170404 0.091241 0.104037 0.137613 0.123657 0.082545 0.050371 0.069388 0.099551 0.104888 0.095090 0.082443 0.098373 0.078509 0.137780 0.067340 0.082447 0.895913 0.887331 0.901429 0.906582 0.894004 0.887871 0.894554 0.891344 0.900899 0.903519 0.891448 0.880383 0.885796 0.860413 0.890576 0.897093 0.883682 0.899525 0.883329 0.885531 0.889723 0.878000 0.881177 0.877880 0.864651 0.886416 0.878730 0.875977 0.879841 0.862843 0.866604 0.862105 0.851512 0.853015 0.855695 0.844759 0.847212 0.855710 0.850475 0.853446 0.861636 0.858959 0.843352 0.848939 0.853238 0.837076 0.859634 0.858690 0.856249 0.858358 0.853907 0.850547 0.852261 0.844652 0.838886 0.856580 0.854325 0.849948 0.844454 0.852583 0.847351 0.842681 0.848957 0.850331 0.836843 0.848621 0.841603 0.847778 0.846233 0.839996 0.849543 0.850695 0.847391 0.860702 0.852873 0.858919 0.840744 0.845222 0.828914 0.844089 0.839386 0.841060 0.846352 0.843152 0.843270 0.848219 0.852069 0.853638 0.055197 0.064794 0.072263 0.084006 0.071017 0.057579 0.049842 0.100298 0.051762 0.089997 0.071810 
0.027126 0.037303 0.036403 0.054457 0.056754 0.012016 0.055125 1 0.111154 0.054195 0.083775 0.021616 0.028532 0.026733 0.033251 0.033142 0.034905 0.057624 0.104283 0.066151 0.069207 0.065978 0.059229 0.084923 0.013157 0.025729 0.055059 0.071213 0.024389 0.078705 0.078547 0.033491 0.085006 0.033748 0.049381 0.047463 0.064607 0.063389 0.058646 0.056584 0.064215 0.060471 0.026421 0.093915 0.027878 0.029669 0.022335 0.022267 0.019993 0.061269 0.043873 0.044597 0.119199 0.066767 0.108687 0.083924 0.013511 0.031124 0.021704 0.070006 0.084089 0.081993 0.049354 0.084177 0.052185 0.050252 0.037358 0.048394 0.071706 0.120415 0.147121 0.136927 0.108629 0.115578 0.123327 0.133818 0.146511 0.176801 0.192224 0.089243 0.151600 0.113990 0.146260 0.129096 0.128508 0.141539 0.113049 0.193339 0.147474 0.151905 0.154866 0.115532 0.121983 0.119167 0.223420 0.142309 0.140134 0.188440 0.174837 0.119790 0.088901 0.087279 0.118390 0.149255 0.131921 0.093229 0.132042 0.123461 0.183828 0.089379 0.083190 0.950460 0.941903 0.955923 0.960995 0.948598 0.942405 0.949118 0.945914 0.955413 0.957948 0.946085 0.935106 0.940405 0.915134 0.945123 0.951677 0.938336 0.954075 0.937939 0.940150 0.944302 0.932746 0.935895 0.932603 0.919399 0.941074 0.933498 0.930744 0.934553 0.917652 0.921393 0.916908 0.906334 0.907813 0.910495 0.899504 0.902027 0.910519 0.905255 0.908261 0.916442 0.913768 0.898104 0.903730 0.908031 0.891866 0.914427 0.913466 0.911043 0.913166 0.908710 0.905356 0.907077 0.899470 0.893683 0.911395 0.909128 0.904718 0.899221 0.907387 0.902170 0.897469 0.903763 0.905105 0.891646 0.903414 0.896360 0.902582 0.901021 0.894790 0.904363 0.905512 0.902208 0.915508 0.907643 0.913711 0.895502 0.900045 0.883703 0.898882 0.894177 0.895874 0.901114 0.897967 0.898084 0.903032 0.906876 0.908445 0.026805 0.112692 0.033838 0.117631 0.119651 0.098319 0.075142 0.143494 0.098470 0.132563 0.120444 
0.084722 0.144084 0.145573 0.161548 0.144416 0.122238 0.063782 0.111154 1 0.066186 0.048283 0.109163 0.132695 0.113540 0.119693 0.139819 0.134134 0.153031 0.208701 0.092543 0.070858 0.066381 0.154434 0.107660 0.119094 0.101664 0.110899 0.111393 0.096285 0.077578 0.102593 0.080323 0.053101 0.101128 0.062809 0.071815 0.049796 0.103299 0.057091 0.080912 0.070299 0.073357 0.133980 0.030403 0.103726 0.112257 0.120743 0.091343 0.092350 0.057648 0.074355 0.087963 0.058383 0.061365 0.058170 0.048184 0.113450 0.129105 0.101525 0.173327 0.140745 0.130224 0.141621 0.074669 0.134382 0.156860 0.090969 0.082959 0.066918 0.098377 0.040336 0.033133 0.032216 0.083230 0.020457 0.032747 0.041066 0.075202 0.084718 0.034400 0.048344 0.076403 0.066239 0.044655 0.051695 0.036069 0.048772 0.084130 0.091698 0.087284 0.054331 0.055813 0.037289 0.076248 0.115953 0.034780 0.053975 0.077758 0.064734 0.033250 0.034464 0.058623 0.076006 0.045576 0.045726 0.073727 0.051170 0.023730 0.076893 0.052191 0.085205 0.845140 0.836278 0.850748 0.855762 0.843321 0.836802 0.843681 0.840521 0.850127 0.852609 0.840866 0.829864 0.834845 0.809402 0.839541 0.846573 0.832826 0.848909 0.832398 0.834590 0.838782 0.827665 0.830655 0.827246 0.813835 0.835743 0.828517 0.825638 0.829173 0.812860 0.816429 0.811928 0.801509 0.803560 0.806364 0.795584 0.797296 0.805980 0.801306 0.803761 0.812090 0.809347 0.794211 0.799519 0.803968 0.787450 0.810264 0.809511 0.806943 0.808700 0.804369 0.800900 0.802336 0.795012 0.789085 0.806800 0.804754 0.800787 0.795199 0.803213 0.797615 0.793254 0.799459 0.801194 0.787186 0.799293 0.792526 0.798311 0.796624 0.790539 0.799454 0.800875 0.797670 0.810621 0.803708 0.809599 0.791592 0.795497 0.779377 0.794714 0.789861 0.791144 0.797278 0.793196 0.792937 0.798060 0.801798 0.803918 0.116741 0.083473 0.132917 0.116642 0.082480 0.090045 0.100903 0.114046 0.069053 0.106182 0.085629 
0.034928 0.082176 0.083433 0.097596 0.078299 0.062896 0.043440 0.054195 0.066186 1 0.061543 0.061700 0.080211 0.069184 0.077007 0.079356 0.073737 0.087042 0.143156 0.078871 0.065722 0.059109 0.088717 0.099719 0.064406 0.038919 0.083935 0.094074 0.052172 0.078191 0.092269 0.027718 0.067141 0.062992 0.029443 0.007063 0.018774 0.042902 0.039493 0.053491 0.060591 0.059422 0.080027 0.056279 0.039313 0.068555 0.057574 0.032763 0.041822 0.044320 0.041276 0.038056 0.097723 0.055599 0.089377 0.062616 0.051589 0.065442 0.038131 0.123005 0.118277 0.111171 0.098414 0.080480 0.095123 0.104121 0.054658 0.057498 0.063779 0.118670 0.100509 0.093119 0.060009 0.067130 0.078743 0.092096 0.105407 0.126258 0.145556 0.038026 0.109117 0.066444 0.094992 0.075511 0.075452 0.091371 0.059124 0.145567 0.098556 0.101156 0.102663 0.062738 0.070111 0.071843 0.180540 0.098754 0.087637 0.142814 0.130015 0.067234 0.041863 0.034375 0.068999 0.099202 0.079613 0.044544 0.078882 0.075236 0.133870 0.035458 0.041063 0.909955 0.901205 0.915415 0.920259 0.908249 0.901634 0.908552 0.905403 0.914858 0.917153 0.905897 0.895149 0.899852 0.874785 0.904395 0.911456 0.897945 0.913715 0.897402 0.899621 0.903705 0.893017 0.895925 0.892538 0.879268 0.900846 0.893953 0.891077 0.894441 0.878493 0.881925 0.877506 0.867248 0.869356 0.872133 0.861484 0.863058 0.871756 0.867120 0.869537 0.877745 0.875086 0.860084 0.865379 0.869753 0.853362 0.876004 0.875280 0.872716 0.874484 0.870153 0.866670 0.868083 0.860825 0.854987 0.872532 0.870548 0.866619 0.861085 0.868970 0.863364 0.859123 0.865265 0.867018 0.853091 0.865104 0.858383 0.864091 0.862503 0.856374 0.865192 0.866644 0.863482 0.876220 0.869513 0.875355 0.857469 0.861244 0.845293 0.860567 0.855746 0.857006 0.863119 0.859007 0.858656 0.863747 0.867452 0.869696 0.071424 0.105631 0.084322 0.126280 0.107019 0.099708 0.090437 0.140936 0.081979 0.130275 0.111902 
0.059385 0.120545 0.119541 0.137603 0.130636 0.095785 0.029038 0.083775 0.048283 0.061543 1 0.078769 0.097672 0.077171 0.082267 0.111160 0.106697 0.136080 0.187085 0.048449 0.030276 0.030268 0.138205 0.072930 0.089996 0.085669 0.068813 0.070750 0.063495 0.035415 0.068955 0.056569 0.011145 0.066448 0.041692 0.063069 0.045035 0.100264 0.027621 0.043974 0.035047 0.039781 0.102549 0.026785 0.085683 0.080286 0.100453 0.068812 0.064283 0.031123 0.040164 0.064574 0.039834 0.022856 0.043766 0.026161 0.090300 0.110155 0.083161 0.138455 0.099295 0.090678 0.102823 0.031614 0.099200 0.122845 0.061056 0.047876 0.038334 0.065868 0.076924 0.063653 0.057517 0.106469 0.053843 0.058078 0.068693 0.114028 0.118376 0.053246 0.075018 0.095802 0.100177 0.086059 0.087805 0.080606 0.082411 0.120965 0.119363 0.119092 0.098558 0.085376 0.073706 0.096148 0.143593 0.067723 0.092437 0.113821 0.099635 0.073137 0.045459 0.075992 0.099616 0.086779 0.083827 0.090105 0.089509 0.061881 0.116986 0.071909 0.095037 0.867509 0.858954 0.872997 0.878128 0.865624 0.859475 0.866159 0.862954 0.872479 0.875071 0.863091 0.852099 0.857433 0.832170 0.862181 0.868703 0.855347 0.871122 0.854965 0.857174 0.861342 0.849748 0.852888 0.849594 0.836420 0.858076 0.850520 0.847762 0.851547 0.834742 0.838414 0.833958 0.823475 0.825105 0.827771 0.817034 0.819213 0.827744 0.822632 0.825475 0.833595 0.830974 0.815600 0.821092 0.825343 0.809256 0.831693 0.830812 0.828339 0.830406 0.825972 0.822584 0.824245 0.816711 0.811031 0.828567 0.826397 0.822133 0.816680 0.824642 0.819350 0.814846 0.821040 0.822506 0.808996 0.820743 0.813837 0.819847 0.818390 0.812125 0.821502 0.822705 0.819445 0.832573 0.825035 0.830997 0.812984 0.817216 0.801108 0.816238 0.811552 0.813141 0.818564 0.815185 0.815204 0.820142 0.823966 0.825677 0.082136 0.047147 0.099363 0.078624 0.048207 0.051018 0.058251 0.085292 0.032709 0.076896 0.052336 
0.028299 0.047983 0.050676 0.068254 0.074641 0.028467 0.050580 0.021616 0.109163 0.061700 0.078769 1 0.034476 0.017234 0.021016 0.050017 0.054336 0.074678 0.117260 0.052531 0.057598 0.054891 0.074820 0.065007 0.017417 0.037923 0.039170 0.052581 0.016917 0.065724 0.058602 0.041314 0.077167 0.016455 0.046792 0.055978 0.068471 0.080999 0.054610 0.060647 0.051940 0.047376 0.027290 0.093729 0.046999 0.008548 0.038744 0.034436 0.022368 0.053782 0.042513 0.058112 0.109589 0.058217 0.096231 0.074257 0.034284 0.045783 0.037713 0.064510 0.065854 0.062395 0.039386 0.072374 0.034349 0.048450 0.021714 0.034723 0.058356 0.104886 0.146832 0.135928 0.112717 0.127587 0.122736 0.132127 0.142818 0.179582 0.191625 0.093263 0.149985 0.125781 0.153133 0.133387 0.134682 0.142366 0.119132 0.192494 0.158591 0.161716 0.157386 0.123450 0.126330 0.130591 0.219758 0.139977 0.145439 0.185158 0.171652 0.123267 0.092834 0.095828 0.129606 0.150888 0.136734 0.104811 0.137631 0.124796 0.184736 0.096657 0.096823 0.944212 0.935668 0.949808 0.955151 0.942159 0.936297 0.942863 0.939611 0.949269 0.952102 0.939464 0.928112 0.934018 0.908269 0.938976 0.945204 0.931754 0.947746 0.931549 0.933728 0.938015 0.925548 0.928926 0.925673 0.912364 0.934410 0.926097 0.923418 0.927672 0.909814 0.913902 0.909286 0.898335 0.899308 0.901972 0.890527 0.893909 0.902244 0.896506 0.899976 0.908281 0.905489 0.889170 0.895074 0.899426 0.883241 0.905961 0.904796 0.902480 0.904827 0.900289 0.897044 0.898997 0.891099 0.885196 0.903248 0.900706 0.895910 0.890365 0.898920 0.893980 0.888796 0.895286 0.896308 0.883084 0.894794 0.887432 0.894130 0.892433 0.886209 0.896415 0.897327 0.893880 0.907792 0.898885 0.905185 0.886586 0.891863 0.875021 0.890220 0.885541 0.887570 0.892221 0.889787 0.890316 0.895213 0.899178 0.900155 0.013486 0.101024 0.024718 0.100832 0.113584 0.083494 0.058918 0.127965 0.096763 0.116593 0.108828 
0.050429 0.041636 0.034525 0.051644 0.069434 0.026664 0.071285 0.028532 0.132695 0.080211 0.097672 0.034476 1 0.025558 0.026762 0.026569 0.033225 0.065505 0.098589 0.069228 0.080150 0.079749 0.067909 0.088655 0.024506 0.053359 0.051856 0.070224 0.038893 0.086431 0.084160 0.055314 0.098005 0.042441 0.071457 0.073571 0.088001 0.085617 0.076898 0.065081 0.077643 0.074356 0.019432 0.111707 0.050821 0.037252 0.042435 0.047523 0.042087 0.079926 0.059352 0.059882 0.130960 0.080954 0.122947 0.100740 0.036188 0.047666 0.048755 0.052159 0.074333 0.076907 0.031253 0.091898 0.046234 0.032165 0.053148 0.060985 0.086682 0.124829 0.166990 0.155656 0.129642 0.139611 0.142959 0.151726 0.164574 0.197784 0.211173 0.112767 0.169239 0.135772 0.167912 0.153470 0.151944 0.163830 0.138171 0.213289 0.168868 0.174130 0.177846 0.139338 0.144639 0.140212 0.240515 0.161356 0.162904 0.208321 0.194322 0.143436 0.110286 0.112828 0.141265 0.170752 0.154709 0.117952 0.155695 0.144546 0.204908 0.114776 0.107783 0.963821 0.955449 0.969185 0.974270 0.961959 0.955924 0.962548 0.959327 0.968741 0.971282 0.959439 0.948549 0.953931 0.928879 0.958629 0.964941 0.951863 0.967358 0.951455 0.953681 0.957788 0.946144 0.949332 0.946103 0.933070 0.954505 0.946891 0.944195 0.948057 0.931081 0.934805 0.930378 0.919857 0.921199 0.923802 0.912950 0.915549 0.923980 0.918571 0.921698 0.929721 0.927147 0.911505 0.917172 0.921341 0.905448 0.927730 0.926742 0.924352 0.926604 0.922111 0.918782 0.920582 0.912926 0.907314 0.924829 0.922551 0.918059 0.912658 0.920697 0.915604 0.910931 0.917168 0.918425 0.905218 0.916775 0.909716 0.915956 0.914561 0.908229 0.917925 0.918997 0.915696 0.928953 0.920960 0.927010 0.908904 0.913469 0.897263 0.912301 0.907692 0.909492 0.914444 0.911550 0.911739 0.916585 0.920451 0.921908 0.027339 0.118151 0.026189 0.117229 0.124493 0.102899 0.076227 0.146580 0.106071 0.136741 0.125921 
0.034848 0.054581 0.052987 0.071268 0.081934 0.033503 0.050825 0.026733 0.113540 0.069184 0.077171 0.017234 0.025558 1 0.008329 0.047741 0.051483 0.080828 0.120041 0.045931 0.056112 0.055736 0.082154 0.064609 0.023136 0.049285 0.029799 0.047440 0.018231 0.062385 0.059537 0.044050 0.075793 0.017424 0.052541 0.063374 0.073477 0.087390 0.056663 0.053679 0.053193 0.049678 0.028075 0.094203 0.052270 0.017703 0.047589 0.039768 0.027473 0.057758 0.041219 0.056147 0.108013 0.058173 0.098242 0.077212 0.039965 0.055193 0.046304 0.062298 0.058759 0.057733 0.030132 0.068501 0.034113 0.045770 0.029734 0.036207 0.061857 0.101049 0.149164 0.137401 0.115406 0.133844 0.124917 0.133047 0.144383 0.182458 0.193223 0.098387 0.150671 0.129541 0.156386 0.139446 0.139633 0.146758 0.125896 0.195013 0.162065 0.165769 0.162192 0.128759 0.130582 0.133622 0.220506 0.142042 0.149768 0.188212 0.174325 0.128620 0.095842 0.102992 0.134372 0.154372 0.141093 0.111505 0.142829 0.127934 0.187955 0.103638 0.103999 0.942949 0.934524 0.948441 0.953716 0.940952 0.935097 0.941646 0.938398 0.947954 0.950706 0.938306 0.927128 0.932904 0.907450 0.937778 0.943943 0.930699 0.946456 0.930429 0.932628 0.936845 0.924599 0.927930 0.924707 0.911547 0.933316 0.925211 0.922546 0.926693 0.909096 0.913055 0.908523 0.897736 0.898796 0.901411 0.890234 0.893353 0.901701 0.896035 0.899419 0.907573 0.904891 0.888829 0.894656 0.898897 0.882909 0.905379 0.904269 0.901936 0.904292 0.899757 0.896490 0.898416 0.890585 0.884848 0.902641 0.900190 0.895479 0.890018 0.898341 0.893386 0.888398 0.894776 0.895857 0.882720 0.894306 0.887056 0.893590 0.892060 0.885762 0.895826 0.896768 0.893373 0.907043 0.898419 0.904621 0.886238 0.891259 0.874693 0.889787 0.885166 0.887146 0.891814 0.889294 0.889730 0.894574 0.898513 0.899619 0.009653 0.095765 0.024306 0.095001 0.106120 0.079168 0.052921 0.123439 0.090037 0.112994 0.103611 
0.042365 0.056474 0.055313 0.072957 0.086671 0.038174 0.056864 0.033251 0.119693 0.077007 0.082267 0.021016 0.026762 0.008329 1 0.051117 0.056296 0.084612 0.120670 0.046655 0.059216 0.059496 0.085599 0.062051 0.027045 0.055871 0.027055 0.044136 0.025433 0.064185 0.057575 0.052221 0.080003 0.020435 0.059236 0.071275 0.081034 0.095153 0.062838 0.060363 0.056571 0.052960 0.027869 0.100645 0.059800 0.018195 0.052753 0.047829 0.035302 0.063068 0.048172 0.064282 0.111103 0.062715 0.100801 0.081310 0.046412 0.059489 0.053481 0.056439 0.052007 0.052086 0.022794 0.070619 0.027184 0.041683 0.033582 0.039743 0.064806 0.100638 0.155450 0.143483 0.122747 0.142033 0.131219 0.138916 0.149716 0.189384 0.199243 0.105844 0.156456 0.137792 0.164095 0.146825 0.147306 0.153432 0.133548 0.201051 0.170247 0.173848 0.169193 0.136672 0.137978 0.141837 0.225521 0.147813 0.157284 0.193652 0.179800 0.135889 0.103259 0.110912 0.142582 0.161156 0.148546 0.119637 0.150413 0.134723 0.194484 0.111445 0.112077 0.946418 0.938024 0.951934 0.957290 0.944365 0.938632 0.945123 0.941859 0.951449 0.954289 0.941664 0.930388 0.936357 0.910793 0.941299 0.947332 0.934094 0.949889 0.933880 0.936071 0.940322 0.927791 0.931196 0.927994 0.914828 0.936673 0.928339 0.925706 0.929996 0.912097 0.916161 0.911596 0.900701 0.901583 0.904181 0.892879 0.896281 0.904570 0.898734 0.902282 0.910451 0.907747 0.891482 0.897402 0.901641 0.885686 0.908165 0.906987 0.904693 0.907137 0.902572 0.899343 0.901353 0.893425 0.887675 0.905546 0.903008 0.898163 0.892701 0.901130 0.896279 0.891142 0.897575 0.898541 0.885516 0.897053 0.889705 0.896392 0.894842 0.888533 0.898812 0.899670 0.896231 0.910085 0.901115 0.907388 0.888896 0.894154 0.877450 0.892529 0.887930 0.890029 0.894470 0.892211 0.892786 0.897599 0.901578 0.902484 0.010357 0.097124 0.020660 0.092853 0.109104 0.079255 0.051677 0.122627 0.094843 0.112273 0.104932 
0.058587 0.030266 0.016816 0.031491 0.046908 0.024905 0.084151 0.033142 0.139819 0.079356 0.111160 0.050017 0.026569 0.047741 0.051117 1 0.012973 0.042215 0.078391 0.091314 0.098359 0.096422 0.046280 0.111745 0.034452 0.049191 0.076583 0.094826 0.054336 0.106554 0.106441 0.059623 0.113498 0.061979 0.080391 0.072530 0.091236 0.071125 0.088358 0.075076 0.094853 0.091532 0.032063 0.119865 0.041715 0.055652 0.032758 0.049105 0.051473 0.092682 0.071384 0.059110 0.147745 0.096414 0.139905 0.115227 0.029780 0.034712 0.043954 0.063857 0.100238 0.102173 0.055583 0.111538 0.068218 0.043630 0.069088 0.078843 0.103422 0.147309 0.173183 0.163166 0.132103 0.130549 0.149887 0.160240 0.174400 0.200189 0.217640 0.114506 0.177602 0.128753 0.166155 0.153094 0.150293 0.167768 0.135867 0.219433 0.161922 0.168326 0.179615 0.135895 0.145532 0.133938 0.250296 0.169692 0.162318 0.216537 0.202778 0.144581 0.113380 0.108616 0.134159 0.174334 0.154808 0.110120 0.154427 0.149083 0.208953 0.111985 0.097429 0.976681 0.968229 0.981967 0.986812 0.974982 0.968605 0.975389 0.972216 0.981524 0.983804 0.972622 0.962011 0.966849 0.942117 0.971350 0.978030 0.964947 0.980315 0.964380 0.966626 0.970635 0.959794 0.962777 0.959490 0.946479 0.967694 0.960708 0.957929 0.961402 0.945244 0.948693 0.944350 0.934112 0.935908 0.938559 0.927999 0.929899 0.938478 0.933499 0.936216 0.944203 0.941681 0.926540 0.931977 0.936160 0.920172 0.942441 0.941624 0.939138 0.941161 0.936749 0.933325 0.934908 0.927505 0.921909 0.939237 0.937180 0.933023 0.927619 0.935409 0.930049 0.925742 0.931849 0.933389 0.919899 0.931585 0.924767 0.930630 0.929271 0.922978 0.932124 0.933415 0.930226 0.943012 0.935894 0.941771 0.923927 0.927913 0.912043 0.927122 0.922452 0.923951 0.929477 0.925925 0.925756 0.930685 0.934444 0.936417 0.048237 0.138519 0.045239 0.141662 0.141566 0.124968 0.099817 0.169554 0.119301 0.159476 0.146240 
0.057021 0.039943 0.027285 0.040030 0.047004 0.029826 0.080838 0.034905 0.134134 0.073737 0.106697 0.054336 0.033225 0.051483 0.056296 0.012973 1 0.044797 0.084645 0.091596 0.097207 0.095085 0.050109 0.115153 0.040464 0.048562 0.079673 0.098356 0.055105 0.105803 0.109837 0.054851 0.110188 0.064848 0.077397 0.067036 0.085243 0.063020 0.084802 0.068535 0.094015 0.091199 0.041292 0.113360 0.036071 0.060829 0.035492 0.045469 0.050524 0.090404 0.067847 0.050339 0.144469 0.093977 0.138360 0.112942 0.029084 0.038665 0.041676 0.075784 0.106225 0.107467 0.063569 0.110044 0.076391 0.055257 0.071024 0.079347 0.103047 0.147387 0.165907 0.156147 0.124009 0.121296 0.143054 0.153458 0.168340 0.191621 0.209909 0.107447 0.170485 0.118636 0.156703 0.145412 0.141763 0.160530 0.128119 0.211935 0.151551 0.158289 0.171802 0.127183 0.137476 0.123619 0.243502 0.163224 0.153676 0.210115 0.196357 0.137090 0.105857 0.101010 0.124432 0.166572 0.146433 0.101587 0.145998 0.141701 0.201041 0.104677 0.089200 0.970080 0.961583 0.975320 0.980027 0.968478 0.961903 0.968774 0.965633 0.974875 0.977005 0.966209 0.955766 0.960282 0.935761 0.964665 0.971563 0.958479 0.973774 0.957818 0.960076 0.964027 0.953665 0.956522 0.953200 0.940216 0.961287 0.954685 0.951857 0.955087 0.939439 0.942709 0.938424 0.928374 0.930465 0.933131 0.922803 0.924233 0.932901 0.928193 0.930642 0.938592 0.936116 0.921329 0.926601 0.930778 0.914764 0.936992 0.936289 0.933733 0.935619 0.931258 0.927774 0.929220 0.921971 0.916422 0.933593 0.931687 0.927748 0.922355 0.929952 0.924427 0.920376 0.926383 0.928110 0.914451 0.926205 0.919555 0.925159 0.923853 0.917570 0.926356 0.927784 0.924667 0.937140 0.930600 0.936352 0.918703 0.922285 0.906667 0.921752 0.917060 0.918363 0.924249 0.920281 0.919884 0.924855 0.928548 0.930850 0.053111 0.136468 0.053628 0.143057 0.136800 0.124867 0.101353 0.169479 0.112989 0.159670 0.144045 
0.078834 0.032769 0.032682 0.025148 0.012439 0.047717 0.108546 0.057624 0.153031 0.087042 0.136080 0.074678 0.065505 0.080828 0.084612 0.042215 0.044797 1 0.056779 0.123707 0.125675 0.121460 0.007380 0.139350 0.059610 0.054289 0.110414 0.126397 0.081801 0.135912 0.132796 0.079724 0.139128 0.089930 0.098436 0.081326 0.104116 0.063665 0.110229 0.105031 0.119968 0.116059 0.060319 0.139156 0.051718 0.081207 0.038249 0.067310 0.074857 0.113416 0.097423 0.080718 0.173473 0.121608 0.162257 0.136340 0.046967 0.030722 0.053726 0.085765 0.133253 0.133360 0.089721 0.141200 0.095178 0.069986 0.091943 0.104886 0.125983 0.177762 0.186827 0.179215 0.143893 0.125495 0.165092 0.177785 0.191715 0.209168 0.231368 0.123844 0.194876 0.130099 0.171845 0.156777 0.154349 0.177134 0.137574 0.231658 0.162063 0.168659 0.185995 0.138394 0.153207 0.136858 0.267157 0.185425 0.167785 0.229799 0.217021 0.151127 0.126525 0.109645 0.133563 0.184281 0.161210 0.107304 0.158421 0.161270 0.218686 0.114453 0.091527 0.996217 0.987586 1.001564 1.006318 0.994565 0.987956 0.994868 0.991717 1.001065 1.003260 0.992259 0.981649 0.986266 0.961424 0.990727 0.997714 0.984411 0.999941 0.983812 0.986049 0.990065 0.979516 0.982417 0.979066 0.965901 0.987270 0.980470 0.977622 0.980960 0.965053 0.968468 0.964087 0.953855 0.955837 0.958579 0.947892 0.949647 0.958303 0.953527 0.956079 0.964210 0.961595 0.946481 0.951866 0.956184 0.939911 0.962447 0.961675 0.959154 0.961016 0.956655 0.953196 0.954670 0.947368 0.941578 0.959082 0.957060 0.953023 0.947523 0.955424 0.949910 0.945612 0.951766 0.953416 0.939654 0.951557 0.944764 0.950575 0.949037 0.942864 0.951817 0.953215 0.950043 0.962789 0.955911 0.961789 0.943873 0.947790 0.931821 0.947043 0.942264 0.943624 0.949499 0.945620 0.945324 0.950367 0.954082 0.956240 0.078795 0.169691 0.073686 0.174620 0.173628 0.155814 0.132185 0.200953 0.149087 0.189822 0.177349 
0.129692 0.070319 0.068411 0.049877 0.067724 0.092467 0.158971 0.104283 0.208701 0.143156 0.187085 0.117260 0.098589 0.120041 0.120670 0.078391 0.084645 0.056779 1 0.165766 0.172896 0.169938 0.056219 0.177925 0.101692 0.108230 0.147572 0.163297 0.127579 0.181329 0.172708 0.132119 0.189140 0.132538 0.151084 0.137109 0.159512 0.118411 0.161934 0.152592 0.167742 0.163528 0.093854 0.193107 0.105949 0.121229 0.089367 0.119627 0.123954 0.164639 0.147077 0.131603 0.223450 0.171046 0.211963 0.187409 0.097333 0.081194 0.107571 0.093355 0.160707 0.164601 0.115279 0.187160 0.124473 0.087771 0.137878 0.151065 0.174324 0.220668 0.242688 0.234484 0.199610 0.179437 0.220527 0.232618 0.246645 0.265209 0.287230 0.180109 0.249838 0.183980 0.227096 0.213357 0.210469 0.233626 0.194035 0.287876 0.214948 0.222442 0.242558 0.194296 0.209524 0.190508 0.322532 0.240830 0.223860 0.285879 0.272875 0.207722 0.182028 0.166131 0.187827 0.240612 0.217447 0.162767 0.214629 0.217275 0.275060 0.171093 0.146668 1.051060 1.042532 1.056350 1.061108 1.049404 1.042888 1.049751 1.046588 1.055890 1.058086 1.047087 1.036500 1.041199 1.016435 1.045654 1.052495 1.039335 1.054736 1.038738 1.040983 1.044978 1.034322 1.037267 1.033953 1.020862 1.042138 1.035248 1.032440 1.035853 1.019779 1.023243 1.018870 1.008593 1.010393 1.013093 1.002338 1.004358 1.012952 1.007982 1.010714 1.018795 1.016204 1.000918 1.006408 1.010677 0.994520 1.016973 1.016133 1.013659 1.015640 1.011240 1.007817 1.009383 1.001989 0.996248 1.013747 1.011655 1.007472 1.002002 1.009952 1.004562 1.000155 1.006337 1.007859 0.994277 1.006069 0.999181 1.005136 1.003642 0.997420 1.006583 1.007894 1.004691 1.017543 1.010363 1.016298 0.998316 1.002439 0.986400 1.001570 0.996840 0.998335 1.003917 1.000344 1.000166 1.005152 1.008900 1.010886 0.117035 0.214942 0.105250 0.212910 0.219866 0.198900 0.171965 0.242988 0.197154 0.232292 0.222774 
0.052922 0.099150 0.098212 0.116745 0.122515 0.076391 0.037698 0.066151 0.092543 0.078871 0.048449 0.052531 0.069228 0.045931 0.046655 0.091314 0.091596 0.123707 0.165766 1 0.022680 0.028492 0.125101 0.036555 0.066501 0.080095 0.023593 0.024660 0.042620 0.020202 0.034531 0.059261 0.042397 0.036528 0.050998 0.076159 0.071859 0.112065 0.043808 0.050326 0.026537 0.027321 0.072904 0.073671 0.083368 0.049397 0.087366 0.064902 0.052073 0.042212 0.039955 0.071960 0.067616 0.031967 0.061184 0.048491 0.078046 0.095979 0.077763 0.098822 0.051211 0.044063 0.061881 0.025731 0.058199 0.087236 0.039589 0.026290 0.035398 0.056147 0.124652 0.111375 0.102409 0.140144 0.101630 0.105495 0.113717 0.162165 0.165189 0.091242 0.121723 0.132090 0.145772 0.129345 0.131340 0.127164 0.121515 0.167643 0.160520 0.161762 0.145244 0.125383 0.118615 0.134121 0.186361 0.114325 0.138029 0.158136 0.144373 0.116880 0.085865 0.106840 0.136586 0.134408 0.129132 0.119715 0.133372 0.109021 0.164640 0.104862 0.118499 0.902260 0.893823 0.907859 0.913337 0.900128 0.894494 0.900934 0.897665 0.907341 0.910311 0.897349 0.885905 0.892094 0.866316 0.897137 0.903106 0.889751 0.905725 0.889617 0.891790 0.896110 0.883250 0.886723 0.883515 0.870290 0.892321 0.883734 0.881113 0.885537 0.867344 0.871508 0.866897 0.855887 0.856683 0.859272 0.847901 0.851456 0.859714 0.853788 0.857410 0.865635 0.862894 0.846515 0.852459 0.856720 0.840744 0.863288 0.862075 0.859784 0.862266 0.857687 0.854480 0.856533 0.848522 0.842764 0.860714 0.858123 0.853212 0.847732 0.856233 0.851430 0.846199 0.852667 0.853587 0.840570 0.852127 0.844732 0.851498 0.849923 0.843615 0.854012 0.854822 0.851343 0.865363 0.856183 0.862495 0.843922 0.849299 0.832493 0.847581 0.842990 0.845144 0.849502 0.847363 0.848034 0.852843 0.856855 0.857628 0.049733 0.050630 0.064718 0.052959 0.067339 0.033803 0.013636 0.078302 0.061233 0.068278 0.058442 
