
---	Treino para o 0-fold	---
Max epochs   100000. Desired error: 0.0010000000.
Epochs            1. Current error: 0.0916333273. Bit fail 347.
Epochs          108. Current error: 0.0009371181. Bit fail 0.

---	Treino para o 1-fold	---
Max epochs   100000. Desired error: 0.0010000000.
Epochs            1. Current error: 0.0009111890. Bit fail 0.

---	Treino para o 2-fold	---
Max epochs   100000. Desired error: 0.0010000000.
Epochs            1. Current error: 0.0008128653. Bit fail 0.

---	Treino para o 3-fold	---
Max epochs   100000. Desired error: 0.0010000000.
Epochs            1. Current error: 0.0006892261. Bit fail 0.

---	Treino para o 4-fold	---
Max epochs   100000. Desired error: 0.0010000000.
Epochs            1. Current error: 0.0005282628. Bit fail 0.

---	Treino para o 5-fold	---
Max epochs   100000. Desired error: 0.0010000000.
Epochs            1. Current error: 0.0003525615. Bit fail 0.

---	Treino para o 6-fold	---
Max epochs   100000. Desired error: 0.0010000000.
Epochs            1. Current error: 0.0002986967. Bit fail 0.

---	Treino para o 7-fold	---
Max epochs   100000. Desired error: 0.0010000000.
Epochs            1. Current error: 0.0002854729. Bit fail 0.

---	Treino para o 8-fold	---
Max epochs   100000. Desired error: 0.0010000000.
Epochs            1. Current error: 0.0003733584. Bit fail 0.

---	Treino para o 9-fold	---
Max epochs   100000. Desired error: 0.0010000000.
Epochs            1. Current error: 0.0004924876. Bit fail 0.



>>>	ACURACIA: 0.008254
>>>	Hidden neurons: 6

1 0.072433 0.045230 0.062866 0.108006 0.026173 0.061924 0.021251 0.039042 0.050370 0.117276 0.039193 0.088612 0.057903 0.061012 0.088842 0.122759 0.097950 0.113210 0.113710 0.079448 0.055734 0.116128 0.131192 0.016579 0.074262 0.098890 0.107290 0.031592 0.106336 0.129616 0.055095 0.100949 0.042761 0.014487 0.045684 0.035269 0.102805 0.040991 0.196585 0.054156 0.053895 0.026941 0.114587 0.058174 0.053550 0.059376 0.033315 0.016611 0.032664 0.079325 0.151303 0.132596 0.063042 0.105491 0.059341 0.037695 0.087980 0.043480 0.070230 0.129779 0.123291 0.074181 0.121946 0.089122 0.040945 0.057059 0.048871 0.077279 0.167519 0.091098 0.110237 0.106247 0.140623 0.082400 0.121353 0.086274 0.129933 0.141787 0.052227 0.144738 0.162583 0.156153 0.102546 0.100560 0.062565 0.107394 0.093538 0.204308 0.178721 0.090475 0.104752 0.082679 0.183825 0.162216 0.077604 0.105680 0.070684 0.063931 0.073841 0.082434 0.092730 0.143807 0.080152 0.093664 0.111143 0.099572 0.073789 0.092528 0.085974 0.112898 1.125148 1.071534 1.179023 1.165603 1.098351 1.107094 1.103195 1.109974 1.127369 1.167410 1.110215 1.081254 1.077897 1.013896 1.104262 1.141549 1.059218 1.118408 1.105992 1.072770 1.089923 1.078258 1.081397 1.073686 1.018180 1.086465 1.049996 1.041988 1.062154 1.049011 1.088601 1.059422 1.015953 1.012972 1.051605 0.939853 0.998560 0.992344 1.024899 1.018421 1.088926 1.031207 0.966749 0.982045 1.041662 0.934808 1.045209 1.034061 1.040797 0.990776 1.009300 1.019390 1.004627 1.021152 0.918236 1.026728 0.995403 1.006641 0.965888 1.056483 1.041964 0.978451 1.021592 1.019222 0.956026 1.020866 0.993348 1.033189 0.928893 0.997547 1.003914 1.008996 1.003188 1.059085 1.011958 1.040628 0.976883 1.051501 0.953685 1.002753 0.960178 0.948046 1.006455 0.973432 0.992457 1.021828 1.014121 0.990560 0.036226 0.187696 0.041582 0.182886 0.296606 0.138945 0.115494 0.208888 0.270327 0.180280 0.200427 
0.072433 1 0.069344 0.053666 0.060563 0.061952 0.133316 0.075943 0.076240 0.052658 0.188673 0.061546 0.152894 0.124835 0.125578 0.142291 0.175844 0.055100 0.070204 0.181041 0.146115 0.117501 0.053233 0.151060 0.064292 0.019659 0.163052 0.158456 0.100105 0.172776 0.143788 0.118048 0.172332 0.095918 0.068061 0.056819 0.086079 0.106358 0.113258 0.262335 0.109735 0.099206 0.068725 0.182906 0.092409 0.069996 0.021053 0.086930 0.084956 0.084965 0.148696 0.211320 0.202304 0.133103 0.136004 0.101640 0.071088 0.020082 0.044809 0.082019 0.176454 0.159907 0.133536 0.190613 0.099233 0.081715 0.072424 0.103375 0.100744 0.226527 0.154913 0.178130 0.162383 0.133945 0.149117 0.190746 0.157456 0.178288 0.206439 0.085125 0.213547 0.198348 0.198121 0.080157 0.117400 0.086296 0.078259 0.151870 0.240193 0.206834 0.093200 0.118312 0.119119 0.225877 0.233160 0.146720 0.133295 0.111437 0.122699 0.079919 0.139470 0.072911 0.166227 0.126958 0.123662 0.102813 0.106904 0.131132 0.136588 0.068285 0.098425 1.195135 1.141231 1.248999 1.235378 1.168639 1.176712 1.173267 1.179991 1.197430 1.237149 1.180655 1.151839 1.147889 1.083794 1.174072 1.211894 1.129441 1.188604 1.175945 1.142836 1.159832 1.149050 1.152023 1.144307 1.088557 1.156899 1.121076 1.112928 1.132787 1.119859 1.159199 1.130095 1.086804 1.083831 1.122227 1.010902 1.069357 1.063452 1.095537 1.089341 1.159438 1.102128 1.037594 1.053051 1.112285 1.005881 1.115937 1.104802 1.111510 1.061998 1.080270 1.090152 1.075533 1.091834 0.989426 1.097617 1.066478 1.077373 1.036814 1.127016 1.112509 1.049313 1.092316 1.089872 1.027012 1.091552 1.063976 1.103795 1.000168 1.068209 1.074743 1.079873 1.074057 1.129782 1.082725 1.111404 1.047626 1.121966 1.024466 1.073483 1.031131 1.019138 1.077085 1.044323 1.063033 1.092410 1.084781 1.061614 0.093043 0.256888 0.073490 0.241777 0.365968 0.202124 0.177583 0.269107 0.338262 0.236244 0.269682 
0.045230 0.069344 1 0.027474 0.083766 0.020709 0.083435 0.027826 0.073025 0.046924 0.133772 0.070298 0.091531 0.079571 0.086508 0.073633 0.106782 0.071168 0.079405 0.137915 0.113143 0.095350 0.098412 0.168736 0.048018 0.076118 0.126012 0.142935 0.061522 0.136950 0.167226 0.057297 0.126107 0.081005 0.056015 0.038150 0.041626 0.071898 0.070223 0.196608 0.094754 0.094985 0.044438 0.122429 0.031443 0.085411 0.053659 0.029607 0.042814 0.076826 0.091241 0.143870 0.161830 0.094274 0.148201 0.103082 0.012425 0.079778 0.034250 0.093837 0.162485 0.158520 0.096324 0.147999 0.120962 0.060102 0.092173 0.089405 0.117274 0.201729 0.102175 0.121080 0.101545 0.114281 0.095251 0.133055 0.112877 0.125214 0.150034 0.049028 0.154198 0.141323 0.141270 0.098017 0.085627 0.072928 0.097099 0.108746 0.184455 0.157202 0.090913 0.085140 0.075176 0.165354 0.183224 0.100454 0.092274 0.107774 0.099410 0.071787 0.078823 0.076904 0.119575 0.083643 0.082403 0.087111 0.084740 0.079095 0.098461 0.075731 0.088069 1.131826 1.077653 1.185832 1.171738 1.105834 1.112902 1.110097 1.116730 1.134225 1.173464 1.118247 1.089938 1.084627 1.020471 1.110516 1.149366 1.066568 1.125632 1.112607 1.079692 1.096444 1.087934 1.090188 1.082403 1.026044 1.094422 1.060714 1.051971 1.070771 1.060152 1.098572 1.069459 1.027111 1.026224 1.065275 0.955276 1.009449 1.005068 1.039260 1.031137 1.101054 1.044131 0.981264 0.996347 1.055477 0.947831 1.058498 1.048627 1.054799 1.004503 1.022644 1.031304 1.015960 1.033285 0.930811 1.038735 1.008880 1.021104 0.980431 1.069446 1.053101 0.991725 1.034355 1.033801 0.968979 1.034254 1.007584 1.045516 0.942531 1.009729 1.014587 1.020727 1.015443 1.069492 1.026399 1.054655 0.991076 1.062605 0.966081 1.016138 0.973249 0.960078 1.021072 0.984535 1.001662 1.031487 1.023653 1.003014 0.064392 0.209205 0.067426 0.213936 0.304828 0.169857 0.145400 0.240840 0.274016 0.215436 0.221872 
0.062866 0.053666 0.027474 1 0.057556 0.038573 0.110046 0.051424 0.081379 0.041709 0.160946 0.078732 0.118702 0.105620 0.111383 0.097448 0.128491 0.044563 0.052688 0.164337 0.137407 0.116316 0.072451 0.179242 0.062447 0.060962 0.151188 0.163270 0.085441 0.162185 0.175717 0.083048 0.152773 0.099035 0.069100 0.036688 0.059011 0.064460 0.095042 0.221823 0.113611 0.110426 0.061028 0.148054 0.047170 0.093083 0.039098 0.053914 0.066073 0.091869 0.118439 0.166735 0.187995 0.119324 0.160226 0.116834 0.033976 0.058896 0.029426 0.102052 0.182343 0.174770 0.120528 0.174476 0.128282 0.077303 0.098951 0.107669 0.126757 0.225251 0.123932 0.145431 0.121467 0.102586 0.118742 0.158317 0.137185 0.139720 0.172130 0.057338 0.179186 0.150744 0.153268 0.083570 0.084928 0.075880 0.079418 0.126702 0.193275 0.162201 0.085165 0.082863 0.084564 0.177732 0.208032 0.123688 0.096959 0.118080 0.116167 0.067141 0.100068 0.060449 0.122090 0.097175 0.088407 0.074195 0.079491 0.098478 0.110083 0.061323 0.072448 1.156877 1.102336 1.211077 1.196618 1.131039 1.137638 1.135120 1.141784 1.159258 1.198361 1.143720 1.115629 1.109598 1.045481 1.135368 1.174831 1.091697 1.150779 1.137708 1.104706 1.121346 1.113874 1.115892 1.108082 1.051435 1.119833 1.086796 1.077895 1.096354 1.086465 1.124700 1.095577 1.053435 1.052873 1.092005 0.982116 1.035716 1.031588 1.066061 1.057715 1.127593 1.070730 1.008049 1.023108 1.082222 0.974409 1.085162 1.075427 1.081555 1.031146 1.049291 1.057776 1.042291 1.059822 0.957262 1.065200 1.035522 1.047900 1.007217 1.096103 1.079491 1.018381 1.060967 1.060620 0.995586 1.060946 1.034369 1.072080 0.969121 1.036261 1.040804 1.047148 1.041961 1.095694 1.053185 1.081403 1.017847 1.089007 0.992638 1.042832 0.999864 0.986486 1.047894 1.010818 1.027572 1.057539 1.049623 1.029501 0.085354 0.236432 0.080411 0.238021 0.331527 0.194672 0.169859 0.265279 0.299791 0.238128 0.249128 
0.108006 0.060563 0.083766 0.057556 1 0.090125 0.162002 0.103821 0.108043 0.063685 0.213178 0.115114 0.174167 0.159639 0.164561 0.149132 0.176564 0.013338 0.029999 0.218298 0.187238 0.162409 0.027347 0.210344 0.107239 0.058360 0.204230 0.209796 0.136557 0.213624 0.202993 0.133583 0.204599 0.144064 0.108083 0.067529 0.100730 0.072804 0.144562 0.272397 0.157743 0.150612 0.110572 0.196780 0.092496 0.126783 0.054872 0.104416 0.116493 0.131094 0.171359 0.213433 0.239001 0.169819 0.190981 0.152270 0.086175 0.045646 0.064662 0.139306 0.229389 0.216426 0.174541 0.227504 0.158998 0.127036 0.128766 0.151559 0.156721 0.274382 0.164488 0.190636 0.161238 0.086521 0.162790 0.205342 0.182152 0.167861 0.212034 0.088181 0.225659 0.173742 0.178762 0.059293 0.093373 0.091863 0.047273 0.159584 0.212281 0.174990 0.080850 0.090117 0.110020 0.204682 0.252143 0.166772 0.112924 0.140549 0.149111 0.072467 0.142968 0.042433 0.134249 0.126147 0.107920 0.061768 0.080009 0.137027 0.133672 0.048185 0.053747 1.204023 1.148255 1.259083 1.243367 1.178341 1.183975 1.181983 1.188887 1.206197 1.245248 1.191923 1.164475 1.156348 1.092530 1.181906 1.223162 1.138746 1.197991 1.185126 1.151515 1.167928 1.163349 1.164723 1.156830 1.099356 1.167780 1.136318 1.127056 1.144682 1.137134 1.175134 1.145869 1.104138 1.104431 1.144041 1.033720 1.086298 1.082465 1.118193 1.109043 1.179330 1.122094 1.059862 1.074715 1.134280 1.025490 1.136905 1.127398 1.133520 1.082178 1.100702 1.109022 1.092922 1.111370 1.007785 1.116258 1.086768 1.099892 1.058951 1.148098 1.130806 1.069953 1.112632 1.112762 1.046902 1.112826 1.086476 1.123770 1.019891 1.087790 1.091188 1.098097 1.093202 1.146229 1.105105 1.133265 1.069790 1.140464 1.044093 1.094674 1.051217 1.037065 1.100057 1.061309 1.077240 1.107718 1.099393 1.080364 0.135937 0.290778 0.124463 0.289111 0.384750 0.246112 0.221714 0.315986 0.351039 0.286156 0.303464 
0.026173 0.061952 0.020709 0.038573 0.090125 1 0.075407 0.014997 0.056889 0.042694 0.129330 0.050465 0.091637 0.069739 0.074644 0.082461 0.116961 0.078546 0.090524 0.128444 0.099169 0.077948 0.100545 0.149025 0.027631 0.067822 0.114424 0.126287 0.047372 0.124544 0.147231 0.057429 0.117170 0.062201 0.036133 0.035527 0.037049 0.086393 0.058465 0.200426 0.076089 0.075048 0.027268 0.122444 0.043919 0.065816 0.047489 0.027882 0.028413 0.056586 0.087966 0.151002 0.151084 0.081621 0.127651 0.082644 0.018057 0.075944 0.029384 0.076957 0.146651 0.140679 0.085285 0.138154 0.101987 0.044999 0.072047 0.070455 0.096690 0.187277 0.100733 0.119994 0.107248 0.126681 0.092752 0.131612 0.104275 0.131215 0.150700 0.049209 0.154045 0.154650 0.151949 0.097290 0.093450 0.067300 0.098697 0.105378 0.197493 0.170448 0.089605 0.095096 0.080354 0.177824 0.178041 0.093507 0.100460 0.092309 0.086086 0.070832 0.083310 0.081212 0.133333 0.084427 0.089324 0.097421 0.091589 0.079406 0.098403 0.077149 0.098243 1.133875 1.080061 1.187726 1.174067 1.107513 1.115409 1.112077 1.118748 1.136219 1.175812 1.119582 1.090902 1.086690 1.022559 1.112810 1.150782 1.068326 1.127436 1.114651 1.081664 1.098616 1.088372 1.091107 1.083365 1.027474 1.095819 1.060674 1.052310 1.071828 1.059744 1.098732 1.069611 1.026686 1.024676 1.063440 0.952669 1.009160 1.003889 1.037072 1.029887 1.100000 1.042778 0.979057 0.994293 1.053567 0.946466 1.056898 1.046374 1.052820 1.002829 1.021083 1.030436 1.015464 1.032263 0.929744 1.037861 1.007285 1.018893 0.978230 1.067951 1.052579 0.990159 1.033017 1.031506 0.967612 1.032580 1.005453 1.044375 0.940927 1.008680 1.014431 1.019996 1.014420 1.069438 1.024213 1.052685 0.988999 1.062072 0.964943 1.014472 0.971818 0.959262 1.018751 0.984161 1.002269 1.031819 1.024103 1.001961 0.048515 0.202053 0.049466 0.200787 0.304942 0.157100 0.132575 0.227683 0.276408 0.200272 0.214835 
0.061924 0.133316 0.083435 0.110046 0.162002 0.075407 1 0.060468 0.085430 0.104182 0.055566 0.089372 0.040014 0.024422 0.034527 0.064123 0.089322 0.150836 0.162446 0.061720 0.044458 0.051406 0.174574 0.147840 0.071388 0.135968 0.057495 0.091888 0.036227 0.061990 0.152195 0.038961 0.043088 0.062547 0.071334 0.097088 0.066040 0.132571 0.022261 0.139616 0.062017 0.076068 0.070467 0.061265 0.080894 0.098121 0.119572 0.058604 0.048551 0.068485 0.022590 0.105708 0.079785 0.024478 0.121882 0.083928 0.077065 0.148746 0.099398 0.105956 0.113346 0.122235 0.048926 0.068408 0.122269 0.069986 0.102222 0.062689 0.108635 0.130843 0.061220 0.062875 0.080539 0.171764 0.047245 0.068067 0.041988 0.113778 0.099102 0.086224 0.090711 0.151190 0.140309 0.153112 0.125240 0.101540 0.158864 0.078105 0.188891 0.174832 0.131798 0.129687 0.096075 0.162404 0.109385 0.043096 0.119133 0.095500 0.068228 0.117414 0.063342 0.141437 0.150203 0.084868 0.108988 0.148781 0.131980 0.063760 0.097141 0.136233 0.153474 1.064574 1.011491 1.118171 1.105170 1.037716 1.046864 1.042722 1.049419 1.066857 1.106933 1.049287 1.020168 1.017490 0.953443 1.043932 1.080583 0.998699 1.057802 1.045338 1.012337 1.029580 1.017053 1.020312 1.012614 0.957382 1.025618 0.988837 0.980871 1.001199 0.987738 1.027284 0.998121 0.954672 0.951945 0.990702 0.879251 0.937299 0.931225 0.964136 0.957280 1.027798 0.970111 0.905986 0.921167 0.980791 0.873728 0.984228 0.973334 0.979939 0.929779 0.948263 0.958192 0.943380 0.959963 0.857148 0.965519 0.934379 0.945886 0.905096 0.995473 0.980698 0.917425 0.960500 0.958507 0.894905 0.959896 0.932573 0.972064 0.867934 0.936401 0.942636 0.947763 0.941997 0.997778 0.951196 0.979764 0.916066 0.990236 0.892529 0.941760 0.899106 0.886863 0.945760 0.912189 0.931246 0.960544 0.952891 0.929418 0.053271 0.129554 0.080260 0.143121 0.235001 0.096423 0.076856 0.166823 0.210225 0.147168 0.142143 
0.021251 0.075943 0.027826 0.051424 0.103821 0.014997 0.060468 1 0.056866 0.052200 0.114360 0.053273 0.077873 0.055958 0.061989 0.072247 0.106939 0.092266 0.104007 0.114545 0.086394 0.067865 0.115154 0.146811 0.027924 0.080832 0.101582 0.117206 0.034542 0.111284 0.146275 0.044543 0.102461 0.055529 0.035057 0.044466 0.032383 0.091796 0.044307 0.186912 0.068055 0.070080 0.026801 0.108456 0.043089 0.068023 0.061489 0.019224 0.015147 0.052071 0.073176 0.139168 0.136879 0.067911 0.124043 0.078397 0.022383 0.090368 0.041921 0.078820 0.138146 0.134788 0.073808 0.124012 0.103049 0.041789 0.074159 0.063091 0.095678 0.175531 0.088981 0.106520 0.097287 0.132850 0.079931 0.117566 0.090482 0.123741 0.138337 0.049863 0.140143 0.150063 0.145823 0.106575 0.095446 0.069273 0.109154 0.095836 0.192577 0.167790 0.094805 0.097794 0.077601 0.171333 0.163892 0.080483 0.099403 0.088753 0.077778 0.076507 0.073165 0.091231 0.132634 0.078652 0.088032 0.104841 0.095909 0.069989 0.093196 0.086861 0.106806 1.119628 1.065930 1.173443 1.159885 1.093191 1.101280 1.097822 1.104497 1.121964 1.161633 1.105185 1.076441 1.072458 1.008336 1.098629 1.136401 1.054029 1.113140 1.100401 1.067413 1.084411 1.073829 1.076636 1.068900 1.013103 1.081435 1.046059 1.037748 1.057380 1.045117 1.084181 1.055050 1.012057 1.009976 1.048757 0.937898 0.994551 0.989179 1.022371 1.015194 1.085375 1.028080 0.964328 0.979546 1.038881 0.931750 1.042214 1.031657 1.038118 0.988075 1.006367 1.015789 1.000825 1.017614 0.915036 1.023196 0.992554 1.004179 0.963489 1.053298 1.037982 0.975457 1.018346 1.016799 0.952903 1.017896 0.990758 1.029732 0.926177 0.994035 0.999827 1.005342 0.999747 1.054857 1.009496 1.037975 0.974289 1.047485 0.950276 0.999781 0.957111 0.944578 1.004046 0.969534 0.987766 1.017287 1.009575 0.987267 0.040048 0.187540 0.049261 0.188844 0.290475 0.144410 0.120277 0.215364 0.262376 0.189173 0.200302 
0.039042 0.076240 0.073025 0.081379 0.108043 0.056889 0.085430 0.056866 1 0.047397 0.136238 0.054361 0.118378 0.088236 0.090304 0.116593 0.147522 0.101833 0.122874 0.136369 0.097585 0.072125 0.114085 0.134076 0.047714 0.067997 0.122474 0.123207 0.063439 0.124766 0.129006 0.078925 0.119086 0.064409 0.029106 0.049241 0.046911 0.107703 0.063874 0.217527 0.069437 0.065131 0.062553 0.130961 0.077063 0.064689 0.063016 0.059881 0.052580 0.041761 0.103388 0.171237 0.146907 0.083866 0.100714 0.059154 0.062878 0.087112 0.052828 0.090187 0.147645 0.136602 0.104883 0.141491 0.097381 0.075307 0.059877 0.065435 0.075463 0.180702 0.096124 0.120882 0.116938 0.136388 0.091804 0.133774 0.092667 0.130451 0.146769 0.052170 0.156781 0.170270 0.161332 0.082654 0.094462 0.041304 0.091857 0.087249 0.209647 0.181066 0.068613 0.101492 0.081001 0.193022 0.166323 0.082564 0.102240 0.037948 0.047674 0.058040 0.095892 0.083833 0.146773 0.075543 0.090514 0.106821 0.090751 0.078875 0.081909 0.073868 0.108695 1.137794 1.083288 1.192497 1.178165 1.110662 1.119456 1.115399 1.122527 1.139677 1.180167 1.123149 1.094508 1.090106 1.026549 1.116540 1.154752 1.071357 1.130785 1.118963 1.084919 1.102089 1.091626 1.094565 1.086797 1.030939 1.099169 1.062825 1.054838 1.074870 1.062965 1.102928 1.073551 1.029944 1.026931 1.065958 0.952850 1.012590 1.005718 1.039051 1.032337 1.103695 1.045066 0.980452 0.995527 1.055980 0.948317 1.059390 1.047905 1.054891 1.003803 1.023010 1.033666 1.018452 1.035672 0.931314 1.040695 1.008838 1.020574 0.979452 1.071151 1.056743 0.992436 1.035937 1.033285 0.969830 1.035175 1.007565 1.047808 0.941711 1.012063 1.017805 1.022987 1.017255 1.073291 1.025809 1.054576 0.990905 1.066473 0.967989 1.017012 0.973992 0.961444 1.020545 0.987235 1.006379 1.036070 1.027958 1.004069 0.069628 0.206687 0.068764 0.199325 0.316258 0.156224 0.135925 0.222974 0.289860 0.192357 0.218990 
0.050370 0.052658 0.046924 0.041709 0.063685 0.042694 0.104182 0.052200 0.047397 1 0.156228 0.069660 0.124791 0.105159 0.110286 0.108252 0.139097 0.056287 0.077118 0.161726 0.128390 0.104490 0.076080 0.167170 0.055908 0.046155 0.148559 0.156050 0.080518 0.155218 0.161727 0.080625 0.145345 0.090459 0.050018 0.009741 0.042000 0.068045 0.085017 0.225387 0.101708 0.097247 0.064553 0.143035 0.052199 0.083879 0.032022 0.051591 0.060505 0.074267 0.116435 0.170778 0.178620 0.110710 0.140538 0.097466 0.040280 0.057023 0.017122 0.103090 0.178455 0.168313 0.123257 0.169322 0.120605 0.082659 0.084299 0.096189 0.109290 0.216675 0.108615 0.135162 0.115173 0.098545 0.105678 0.149643 0.120372 0.126866 0.159388 0.033806 0.171532 0.151413 0.148752 0.054806 0.068385 0.037642 0.057619 0.103162 0.192478 0.159561 0.050322 0.071410 0.067200 0.178703 0.192491 0.105880 0.082527 0.081565 0.086000 0.032416 0.093936 0.042778 0.120368 0.075279 0.072195 0.066825 0.060571 0.083001 0.084513 0.036021 0.066809 1.154958 1.099768 1.209896 1.194820 1.128578 1.135714 1.132739 1.139750 1.156999 1.196759 1.141661 1.113651 1.107248 1.043500 1.133240 1.173094 1.089093 1.148464 1.136077 1.102245 1.119029 1.111738 1.113811 1.105966 1.049190 1.117574 1.083888 1.075184 1.093906 1.084467 1.123365 1.094017 1.051436 1.050367 1.089817 0.978197 1.033798 1.028639 1.063518 1.055293 1.126159 1.068220 1.004995 1.019908 1.079962 0.971458 1.082885 1.072561 1.079045 1.027659 1.046531 1.055864 1.040087 1.058090 0.954002 1.062990 1.032467 1.045113 1.004027 1.094362 1.078245 1.015859 1.058933 1.057945 0.992944 1.058745 1.031880 1.070408 0.965399 1.034488 1.038819 1.045007 1.039765 1.094113 1.050330 1.078751 1.015166 1.087957 0.990577 1.040567 0.997209 0.983673 1.045223 1.008618 1.025970 1.056139 1.047882 1.026735 0.084707 0.233363 0.080289 0.232758 0.333172 0.188448 0.165534 0.258226 0.302230 0.229224 0.245957 
0.117276 0.188673 0.133772 0.160946 0.213178 0.129330 0.055566 0.114360 0.136238 0.156228 1 0.143416 0.051981 0.070276 0.076411 0.084617 0.089064 0.201928 0.212028 0.051371 0.069928 0.094777 0.228017 0.182780 0.126805 0.190973 0.067714 0.113838 0.090935 0.063923 0.190110 0.080361 0.031679 0.112370 0.126120 0.148840 0.115228 0.172058 0.076846 0.093076 0.107135 0.123284 0.124868 0.038343 0.124743 0.150324 0.174267 0.108940 0.103725 0.120484 0.042592 0.082153 0.055211 0.065070 0.158277 0.129841 0.128044 0.203651 0.152844 0.155348 0.129782 0.149133 0.082097 0.049539 0.168706 0.121680 0.153917 0.110076 0.154477 0.121025 0.073659 0.050104 0.088988 0.208512 0.063934 0.039755 0.052463 0.120995 0.078120 0.132538 0.052260 0.157783 0.143689 0.201419 0.161503 0.147439 0.207668 0.096027 0.187280 0.184989 0.176166 0.165832 0.130218 0.157846 0.069533 0.063952 0.149179 0.136426 0.105043 0.164088 0.086302 0.189666 0.171678 0.116006 0.141876 0.190909 0.171976 0.092861 0.124782 0.185265 0.197058 1.009470 0.956649 1.063014 1.050150 0.982541 0.991956 0.987634 0.994316 1.011755 1.051908 0.994022 0.964882 0.962447 0.898426 0.988947 1.025332 0.943580 1.002649 0.990222 0.957272 0.974572 0.961782 0.965018 0.957315 0.902170 0.970369 0.933582 0.925582 0.945907 0.932700 0.972176 0.942978 0.899633 0.897406 0.936453 0.825160 0.882251 0.876370 0.910063 0.902552 0.973244 0.915437 0.851802 0.866785 0.926582 0.818973 0.929802 0.919237 0.925707 0.875084 0.893659 0.903397 0.888347 0.905274 0.802212 0.910647 0.879730 0.891771 0.850850 0.941111 0.925880 0.862890 0.905938 0.904485 0.840187 0.905526 0.878482 0.917488 0.813196 0.881751 0.887516 0.892837 0.887197 0.942690 0.897047 0.925490 0.861873 0.935470 0.837835 0.887353 0.844451 0.831857 0.891769 0.857121 0.876032 0.905395 0.897676 0.874539 0.105354 0.085442 0.132882 0.128164 0.180559 0.086691 0.080201 0.145610 0.157241 0.139300 0.096835 
0.039193 0.061546 0.070298 0.078732 0.115114 0.050465 0.089372 0.053273 0.054361 0.069660 0.143416 1 0.116540 0.077024 0.073518 0.122931 0.157571 0.106504 0.121109 0.126326 0.088933 0.058861 0.113992 0.101040 0.025611 0.066920 0.106464 0.097299 0.053948 0.115056 0.097749 0.092204 0.120996 0.036340 0.031909 0.069084 0.072891 0.131661 0.069581 0.227377 0.049383 0.038198 0.033076 0.148094 0.092700 0.015610 0.060409 0.070389 0.050937 0.030686 0.109430 0.186712 0.146193 0.080648 0.082996 0.044804 0.067823 0.080735 0.060356 0.036575 0.116672 0.101865 0.080905 0.135233 0.052874 0.036750 0.022730 0.043146 0.049043 0.165246 0.127860 0.144923 0.145115 0.167267 0.118459 0.154308 0.114578 0.168647 0.177617 0.085746 0.177799 0.200852 0.195110 0.115561 0.132664 0.088498 0.119862 0.128707 0.242873 0.216046 0.112209 0.136569 0.119211 0.222652 0.190256 0.110076 0.141100 0.083271 0.087592 0.097297 0.121326 0.110231 0.179557 0.117186 0.129177 0.135786 0.128206 0.112356 0.127974 0.102487 0.135272 1.152228 1.099687 1.205307 1.193078 1.125108 1.135018 1.130447 1.137083 1.154551 1.194802 1.136074 1.106386 1.105306 1.041198 1.131930 1.167324 1.086245 1.145286 1.132908 1.100086 1.117497 1.102469 1.106507 1.098913 1.044433 1.112589 1.073794 1.066419 1.087784 1.071462 1.111713 1.082705 1.038416 1.033420 1.071149 0.959104 1.021266 1.013914 1.043958 1.039447 1.109565 1.052053 0.986216 1.001939 1.061105 0.956082 1.065330 1.053191 1.060271 1.011675 1.029908 1.040859 1.027095 1.042174 0.940366 1.048385 1.016163 1.025849 0.985475 1.076436 1.063663 0.998925 1.042147 1.038149 0.977055 1.040810 1.012541 1.053888 0.950192 1.018563 1.026933 1.030930 1.024558 1.081965 1.031261 1.060222 0.996357 1.073028 0.974792 1.022793 0.981063 0.970352 1.025337 0.996191 1.016758 1.045410 1.038176 1.012272 0.042443 0.202240 0.021353 0.181085 0.320759 0.142382 0.118555 0.208076 0.298390 0.174790 0.214856 
0.088612 0.152894 0.091531 0.118702 0.174167 0.091637 0.040014 0.077873 0.118378 0.124791 0.051981 0.116540 1 0.045329 0.056081 0.042140 0.060202 0.161857 0.168219 0.067987 0.073287 0.085699 0.189575 0.177456 0.095975 0.158629 0.071198 0.115609 0.064201 0.080206 0.183299 0.048113 0.057796 0.092666 0.101217 0.116012 0.086722 0.136355 0.057944 0.113238 0.095261 0.108860 0.089676 0.052837 0.086708 0.126162 0.138938 0.073400 0.072263 0.102528 0.023864 0.079708 0.092655 0.058971 0.156984 0.119804 0.089205 0.167462 0.117675 0.127832 0.131685 0.146082 0.061439 0.076775 0.149892 0.087927 0.132991 0.095341 0.142368 0.146248 0.074401 0.065530 0.077023 0.177199 0.061960 0.066363 0.069934 0.115499 0.099281 0.104773 0.083454 0.139813 0.132316 0.174522 0.136154 0.126981 0.177799 0.098668 0.176157 0.167625 0.154051 0.137993 0.108116 0.146920 0.116223 0.069889 0.127200 0.132828 0.104978 0.138507 0.065428 0.157528 0.146794 0.101576 0.119240 0.158311 0.145125 0.078266 0.115323 0.154912 0.163267 1.045866 0.992995 1.099114 1.086218 1.019602 1.027877 1.024364 1.030806 1.048409 1.087845 1.031151 1.002252 0.999058 0.934748 1.025213 1.062191 0.980630 1.039508 1.026449 0.994037 1.011056 0.999642 1.002494 0.994791 0.939302 1.007568 0.972283 0.963892 0.983514 0.970954 1.009627 0.980600 0.937907 0.936513 0.975374 0.865707 0.920366 0.915701 0.949365 0.941515 1.011290 0.954489 0.891534 0.906635 0.965580 0.858396 0.968714 0.958803 0.964932 0.915037 0.932988 0.941776 0.926797 0.943592 0.841730 0.949278 0.919309 0.931277 0.890712 0.979563 0.963588 0.902027 0.944599 0.943920 0.879390 0.944419 0.917721 0.955772 0.853287 0.920080 0.925629 0.931354 0.925891 0.980444 0.936596 0.964827 0.901269 0.973028 0.876463 0.926313 0.883659 0.870939 0.931202 0.895502 0.913377 0.942776 0.935230 0.913670 0.076481 0.124390 0.102950 0.152718 0.214323 0.109381 0.091454 0.176155 0.186738 0.163397 0.136423 
0.057903 0.124835 0.079571 0.105620 0.159639 0.069739 0.024422 0.055958 0.088236 0.105159 0.070276 0.077024 0.045329 1 0.012808 0.072302 0.100724 0.147950 0.157981 0.058847 0.039217 0.041941 0.169583 0.133052 0.061769 0.130435 0.047258 0.077766 0.026645 0.058350 0.138238 0.051219 0.052447 0.048269 0.067348 0.098189 0.072908 0.139274 0.028870 0.152932 0.050437 0.064045 0.057258 0.081929 0.085999 0.084205 0.114097 0.061362 0.044793 0.061642 0.040015 0.121783 0.084804 0.023959 0.112770 0.076146 0.075936 0.142037 0.096944 0.086853 0.097344 0.105495 0.026577 0.069298 0.105580 0.051535 0.090576 0.050514 0.097612 0.124886 0.084576 0.086279 0.100693 0.180510 0.070738 0.090081 0.064106 0.134877 0.122692 0.094239 0.111677 0.167966 0.159320 0.157453 0.137108 0.110160 0.162173 0.100165 0.207058 0.191716 0.140208 0.140715 0.110508 0.180420 0.129838 0.066317 0.133817 0.103673 0.081630 0.124271 0.081588 0.144931 0.164447 0.102269 0.123134 0.155476 0.141863 0.082920 0.115510 0.139695 0.158928 1.077563 1.025341 1.130447 1.118366 1.050691 1.060364 1.055973 1.062464 1.080024 1.120016 1.061590 1.032008 1.030822 0.966579 1.057351 1.092730 1.011885 1.070797 1.058136 1.025651 1.042998 1.028401 1.032176 1.024567 0.969983 1.038149 1.000196 0.992538 1.013502 0.997991 1.037713 1.008721 0.964934 0.961183 0.999312 0.888262 0.947665 0.941274 0.972579 0.966839 1.036795 0.979589 0.914826 0.930322 0.989363 0.883598 0.993196 0.981923 0.988615 0.939623 0.957684 0.967826 0.953706 0.969283 0.867627 0.975372 0.943990 0.954492 0.914058 1.004169 0.990249 0.926679 0.969643 0.966917 0.904536 0.968736 0.941064 0.981166 0.878080 0.945715 0.953219 0.957754 0.951677 1.008146 0.959879 0.988557 0.924785 0.999624 0.901998 0.950679 0.908647 0.897302 0.954137 0.922683 0.942456 0.971259 0.964002 0.939484 0.035981 0.133045 0.063570 0.136041 0.244476 0.091099 0.067585 0.162202 0.222124 0.140064 0.145862 
0.061012 0.125578 0.086508 0.111383 0.164561 0.074644 0.034527 0.061989 0.090304 0.110286 0.076411 0.073518 0.056081 0.012808 1 0.084729 0.112970 0.153060 0.163354 0.055768 0.032325 0.034359 0.172626 0.121473 0.062268 0.131623 0.039852 0.065546 0.029942 0.052237 0.127333 0.063236 0.054296 0.041598 0.068490 0.103994 0.081003 0.148915 0.035944 0.161139 0.042254 0.056325 0.057855 0.092211 0.095906 0.078516 0.116642 0.070174 0.050350 0.058626 0.051205 0.133184 0.082333 0.023664 0.103132 0.069506 0.083276 0.143655 0.101583 0.079341 0.084987 0.092803 0.016993 0.066630 0.096270 0.048734 0.084977 0.043044 0.089530 0.115979 0.095051 0.096431 0.112963 0.190020 0.081318 0.099387 0.070268 0.146527 0.132697 0.102356 0.120705 0.180599 0.171764 0.162588 0.146766 0.116244 0.167561 0.109162 0.219673 0.204033 0.146547 0.150616 0.120777 0.193095 0.135276 0.074482 0.144446 0.104804 0.085036 0.130765 0.093807 0.151284 0.176269 0.112179 0.133473 0.163983 0.150636 0.093749 0.124909 0.145494 0.167003 1.081815 1.030055 1.134386 1.122799 1.054773 1.065001 1.060282 1.066726 1.084305 1.124423 1.065298 1.035410 1.035207 0.970949 1.061861 1.096415 1.016089 1.074937 1.062335 1.029991 1.047457 1.031403 1.035563 1.028006 0.973872 1.041966 1.002985 0.995607 1.017099 1.000269 1.040298 1.011367 0.967222 0.962624 1.000409 0.889164 0.950058 0.943147 0.973469 0.968517 1.038366 0.981188 0.915853 0.931511 0.990417 0.885360 0.994515 0.982822 0.989668 0.941198 0.959177 0.969709 0.955985 0.970998 0.869726 0.977315 0.945530 0.955428 0.915127 1.005453 0.992262 0.928134 0.971153 0.967748 0.906213 0.969993 0.942010 0.982751 0.879813 0.947425 0.955740 0.959817 0.953509 1.010624 0.960847 0.989650 0.925833 1.001579 0.903737 0.951973 0.910263 0.899492 0.954952 0.925088 0.945538 0.974044 0.966968 0.941424 0.033225 0.131801 0.059241 0.127521 0.248274 0.083587 0.058928 0.154369 0.228097 0.130418 0.144589 
0.088842 0.142291 0.073633 0.097448 0.149132 0.082461 0.064123 0.072247 0.116593 0.108252 0.084617 0.122931 0.042140 0.072302 0.084729 1 0.035077 0.137118 0.141318 0.109349 0.106414 0.109478 0.168726 0.202455 0.098266 0.147167 0.110222 0.149613 0.077828 0.119022 0.205689 0.039412 0.094518 0.110164 0.102807 0.098751 0.073374 0.101187 0.072381 0.124929 0.116889 0.127053 0.092581 0.064601 0.059387 0.135975 0.125651 0.060489 0.073796 0.113587 0.050719 0.072001 0.131288 0.087318 0.179545 0.136560 0.072296 0.152901 0.102577 0.140777 0.167540 0.177172 0.093104 0.117462 0.166417 0.098121 0.142702 0.114999 0.158674 0.186857 0.070128 0.071895 0.055416 0.141219 0.062730 0.079323 0.088510 0.091969 0.098630 0.085080 0.094711 0.104389 0.101488 0.153054 0.105868 0.112084 0.154186 0.092412 0.143689 0.131581 0.133458 0.105393 0.081967 0.116368 0.135821 0.079131 0.096328 0.136394 0.111142 0.118046 0.043940 0.132230 0.108681 0.082759 0.090326 0.126155 0.116006 0.063550 0.097666 0.132238 0.131556 1.060551 1.006253 1.114679 1.100241 1.034908 1.041319 1.038922 1.045493 1.063017 1.101940 1.047616 1.019717 1.013405 0.949245 1.039093 1.078654 0.995615 1.054585 1.041327 1.008551 1.025136 1.018339 1.020012 1.012173 0.955377 1.023742 0.991702 0.982483 1.000440 0.991805 1.029473 1.000342 0.958802 0.959767 0.999441 0.890609 0.940977 0.937855 0.974047 0.964126 1.033963 0.977289 0.916002 0.930679 0.989781 0.880992 0.992202 0.983454 0.989157 0.938043 0.956136 0.963773 0.947746 0.966049 0.863439 0.971123 0.942374 0.955886 0.915095 1.003094 0.985132 0.925322 0.967624 0.968772 0.902165 0.968126 0.942309 0.978534 0.875996 0.942582 0.945880 0.952900 0.948100 1.000675 0.961110 0.988956 0.925643 0.994700 0.899024 0.949972 0.906575 0.892310 0.956117 0.916160 0.931965 0.962170 0.954129 0.935628 0.091055 0.163143 0.112706 0.194456 0.237381 0.150246 0.131135 0.217915 0.203290 0.203841 0.174657 
0.122759 0.175844 0.106782 0.128491 0.176564 0.116961 0.089322 0.106939 0.147522 0.139097 0.089064 0.157571 0.060202 0.100724 0.112970 0.035077 1 0.165105 0.167588 0.124196 0.130325 0.138857 0.198230 0.233358 0.132976 0.180035 0.130833 0.175189 0.110294 0.137626 0.237455 0.069794 0.108943 0.142637 0.136341 0.129805 0.103911 0.119484 0.101957 0.099915 0.147610 0.159138 0.127515 0.062358 0.088316 0.170401 0.158546 0.093780 0.107802 0.146287 0.069967 0.042760 0.142281 0.113070 0.209785 0.168114 0.105429 0.185174 0.135074 0.174876 0.191859 0.205130 0.119956 0.130224 0.200022 0.132275 0.176825 0.146506 0.191329 0.202612 0.080525 0.073095 0.055498 0.154355 0.076931 0.076745 0.104247 0.088418 0.089513 0.112626 0.083631 0.090171 0.087946 0.179036 0.122570 0.138612 0.179948 0.104783 0.123604 0.121030 0.157423 0.121299 0.099885 0.093454 0.131518 0.096382 0.108441 0.163178 0.135477 0.144080 0.059239 0.157930 0.108696 0.100134 0.105834 0.145735 0.135345 0.081770 0.112338 0.159071 0.152137 1.032167 0.977343 1.086627 1.071487 1.006933 1.012353 1.010555 1.017136 1.034636 1.073194 1.020186 0.992862 0.984957 0.920893 1.010361 1.051164 0.967541 1.026458 1.013014 0.980205 0.996544 0.992232 0.993196 0.985283 0.927853 0.996199 0.966166 0.956422 0.973351 0.967105 1.004010 0.974855 0.934159 0.936897 0.977135 0.869298 0.916173 0.914234 0.952292 0.940741 1.010508 0.954048 0.894210 0.908509 0.967601 0.857770 0.969471 0.961706 0.967014 0.915102 0.933204 0.939914 0.923184 0.942492 0.839656 0.947161 0.919428 0.934124 0.893232 0.980336 0.960872 0.902524 0.944526 0.947176 0.878990 0.945573 0.920523 0.955209 0.852981 0.919114 0.920821 0.928739 0.924418 0.975511 0.939275 0.966752 0.903718 0.970508 0.875657 0.927397 0.883523 0.868170 0.934594 0.891440 0.905831 0.936489 0.928176 0.911855 0.124295 0.162972 0.147142 0.207936 0.216418 0.165832 0.150467 0.228799 0.178418 0.220363 0.173073 
0.097950 0.055100 0.071168 0.044563 0.013338 0.078546 0.150836 0.092266 0.101833 0.056287 0.201928 0.106504 0.161857 0.147950 0.153060 0.137118 0.165105 1 0.024658 0.206726 0.176684 0.152578 0.034819 0.203634 0.097070 0.055713 0.192844 0.199859 0.125493 0.202725 0.197110 0.122377 0.193590 0.134215 0.099226 0.058679 0.091112 0.067004 0.133939 0.260963 0.148250 0.141843 0.099367 0.186084 0.081432 0.118808 0.047348 0.093146 0.105472 0.122477 0.159837 0.202600 0.228290 0.159073 0.184580 0.144637 0.074379 0.043893 0.054830 0.130370 0.219239 0.207401 0.162742 0.216218 0.151838 0.115787 0.121760 0.142063 0.150119 0.264090 0.155589 0.180792 0.151989 0.087495 0.153184 0.195141 0.172691 0.161101 0.203320 0.080157 0.215530 0.167237 0.172115 0.063435 0.089550 0.087336 0.053001 0.152432 0.206885 0.170733 0.080527 0.086166 0.103268 0.197577 0.242943 0.157597 0.107917 0.135907 0.142217 0.069303 0.133096 0.042574 0.129637 0.119239 0.102194 0.061011 0.077620 0.128273 0.128077 0.047845 0.054121 1.193678 1.138197 1.248519 1.233094 1.168000 1.173791 1.171724 1.178558 1.195916 1.234935 1.181376 1.153794 1.146109 1.082204 1.171696 1.212570 1.128463 1.187660 1.174706 1.141272 1.157721 1.152555 1.154052 1.146177 1.088874 1.157297 1.125567 1.116362 1.134134 1.126097 1.164099 1.134876 1.093092 1.093258 1.132757 1.022635 1.075271 1.071452 1.106915 1.097907 1.168051 1.110958 1.048679 1.063579 1.122997 1.014435 1.125682 1.116174 1.122271 1.071172 1.089574 1.097868 1.081905 1.100144 0.996859 1.105160 1.075692 1.088657 1.047790 1.136790 1.119593 1.058777 1.101406 1.101491 1.035780 1.101571 1.075198 1.112515 1.008950 1.076572 1.080203 1.087014 1.082067 1.135190 1.093889 1.122046 1.058555 1.129210 1.032905 1.083429 1.040091 1.026097 1.088781 1.050318 1.066369 1.096735 1.088513 1.069341 0.124812 0.279137 0.114315 0.278287 0.372975 0.235222 0.210642 0.305337 0.339565 0.276115 0.291829 
0.113210 0.070204 0.079405 0.052688 0.029999 0.090524 0.162446 0.104007 0.122874 0.077118 0.212028 0.121109 0.168219 0.157981 0.163354 0.141318 0.167588 0.024658 1 0.216591 0.189590 0.166921 0.045547 0.217798 0.111026 0.075771 0.203067 0.212131 0.137754 0.214548 0.212065 0.132880 0.205299 0.147839 0.116403 0.077449 0.106840 0.074112 0.147419 0.265641 0.162778 0.157001 0.110183 0.195833 0.091045 0.133136 0.065863 0.105166 0.118422 0.139149 0.169509 0.207227 0.240675 0.171883 0.201874 0.161880 0.085703 0.060276 0.072307 0.140473 0.229949 0.219308 0.171388 0.226998 0.164819 0.125106 0.137893 0.156539 0.166840 0.276378 0.169409 0.192583 0.161774 0.094246 0.166462 0.206267 0.187702 0.172590 0.215371 0.097577 0.225835 0.171225 0.179004 0.086555 0.104057 0.109099 0.074915 0.169150 0.210359 0.175316 0.102894 0.098633 0.117957 0.201184 0.256754 0.172835 0.120826 0.158125 0.161991 0.091260 0.143683 0.064060 0.134997 0.135369 0.116252 0.073351 0.093891 0.142366 0.145330 0.071009 0.066324 1.198738 1.143457 1.253270 1.237990 1.173431 1.178717 1.177022 1.183687 1.201142 1.239735 1.186727 1.159236 1.151381 1.087344 1.176781 1.217736 1.133953 1.192976 1.179650 1.146624 1.162937 1.158223 1.159554 1.151685 1.094331 1.162731 1.131732 1.122335 1.139768 1.131954 1.169477 1.140374 1.098973 1.099666 1.139070 1.029988 1.081088 1.077976 1.113492 1.104198 1.173801 1.117308 1.055526 1.070447 1.129367 1.021043 1.131981 1.122910 1.128774 1.078070 1.096103 1.103825 1.087904 1.106059 1.003538 1.111250 1.082371 1.095362 1.054699 1.142810 1.125142 1.065215 1.107539 1.108158 1.042236 1.107867 1.081753 1.118426 1.015969 1.082525 1.086012 1.093045 1.088203 1.140756 1.100615 1.128612 1.065194 1.134667 1.039039 1.089762 1.046567 1.032490 1.095460 1.056301 1.071799 1.102133 1.094036 1.075751 0.135872 0.288325 0.125639 0.289037 0.378371 0.246569 0.221435 0.316728 0.344300 0.288544 0.300968 
0.113710 0.181041 0.137915 0.164337 0.218298 0.128444 0.061720 0.114545 0.136369 0.161726 0.051371 0.126326 0.067987 0.058847 0.055768 0.109349 0.124196 0.206726 0.216591 1 0.042453 0.072594 0.227759 0.143178 0.117194 0.186067 0.023156 0.069271 0.082745 0.022592 0.153182 0.098562 0.030464 0.090818 0.120188 0.155211 0.126720 0.193013 0.077691 0.132550 0.083140 0.099201 0.113539 0.086391 0.140473 0.128455 0.171534 0.117737 0.102320 0.106655 0.064079 0.127807 0.035859 0.052739 0.127411 0.108596 0.134041 0.198985 0.154945 0.127153 0.080547 0.103847 0.052432 0.014266 0.136787 0.103384 0.133052 0.087470 0.128206 0.078797 0.109847 0.095631 0.129421 0.232923 0.097144 0.089211 0.075111 0.163259 0.127091 0.147371 0.103296 0.200004 0.187885 0.211640 0.186519 0.160167 0.217815 0.127847 0.233325 0.226602 0.191189 0.190965 0.156705 0.204026 0.107750 0.089511 0.179065 0.138950 0.113760 0.177315 0.118773 0.201265 0.206927 0.143635 0.169527 0.210083 0.193525 0.121754 0.153910 0.195484 0.214475 1.032821 0.982122 1.084788 1.074149 1.005439 1.016848 1.011403 1.017756 1.035347 1.075726 1.015249 0.984849 0.986522 0.922332 1.013418 1.046328 0.967040 1.025712 1.013256 0.981208 0.998922 0.980182 0.984966 0.977485 0.924237 0.992124 0.951429 0.944494 0.966854 0.948082 0.988551 0.959697 0.915057 0.909525 0.947016 0.835565 0.898082 0.890459 0.919894 0.915621 0.985482 0.928213 0.862397 0.878116 0.936992 0.832589 0.941331 0.929241 0.936213 0.888147 0.906089 0.917116 0.903819 0.918214 0.817359 0.924734 0.892475 0.901889 0.861670 0.952270 0.939867 0.875062 0.918149 0.914122 0.853323 0.916753 0.888519 0.929873 0.827006 0.894691 0.903895 0.907388 0.900809 0.958726 0.907333 0.936218 0.872409 0.949134 0.850997 0.898752 0.857342 0.847202 0.901330 0.873112 0.894571 0.922627 0.915789 0.888834 0.088496 0.076398 0.112800 0.085568 0.200466 0.041807 0.030701 0.108986 0.187130 0.096297 0.089122 
