150
1.000000 0.538516 0.509902 0.648074 0.141421 0.616441 0.519615 0.173205 0.921954 0.469042 0.374166 0.374166 0.591608 0.994987 0.883176 1.104536 0.547723 0.100000 0.741620 0.331662 0.435890 0.300000 0.648074 0.469042 0.591608 0.547723 0.316228 0.141421 0.141421 0.538516 0.538516 0.387298 0.624500 0.806226 0.469042 0.374166 0.412311 0.469042 0.866025 0.141421 0.173205 1.349074 0.768115 0.458258 0.616441 0.591608 0.360555 0.583095 0.300000 0.223607 4.003748 3.616628 4.164133 3.093542 3.792097 3.416138 3.785499 2.345208 3.749667 2.887906 2.703701 3.228002 3.146427 3.700000 2.580698 3.627671 3.435113 3.009983 3.768289 2.882707 3.853570 3.075711 4.047221 3.657868 3.416138 3.597221 4.047221 4.244997 3.531289 2.493993 2.817801 2.701851 2.894823 4.135215 3.411744 3.519943 3.911521 3.618011 3.000000 3.021589 3.312099 3.595831 3.009983 2.387467 3.152777 3.074085 3.125700 3.345146 2.090454 3.057777 5.284884 4.208325 5.301886 4.690416 5.056679 6.095080 3.591657 5.636488 5.047772 5.639149 4.356604 4.519956 4.853864 4.190465 4.417013 4.626013 4.645428 6.240192 6.498461 4.141256 5.121523 4.028647 6.211280 4.109745 4.969909 5.312250 3.977436 4.007493 4.840455 5.097058 5.546170 6.014150 4.880574 4.160529 4.570558 5.788782 4.891830 4.606517 3.896152 4.796874 5.019960 4.636809 4.208325 5.257376 5.136146 4.654031 4.276681 4.459821 4.650806 4.140048 
0.538516 1.000000 0.300000 0.331662 0.608276 1.090871 0.509902 0.424264 0.509902 0.173205 0.866025 0.458258 0.141421 0.678233 1.360147 1.627882 1.053565 0.547723 1.174734 0.836660 0.707107 0.761577 0.781025 0.556776 0.648074 0.223607 0.500000 0.591608 0.500000 0.346410 0.244949 0.678233 1.148913 1.341641 0.173205 0.300000 0.787401 0.173205 0.509902 0.458258 0.529150 0.818535 0.547723 0.678233 0.984886 0.141421 0.848528 0.360555 0.812404 0.316228 4.096340 3.686462 4.236744 2.969848 3.811824 3.391165 3.860052 2.147091 3.788139 2.805352 2.461707 3.244996 3.041381 3.712142 2.559297 3.700000 3.433657 2.971532 3.691883 2.792848 3.893584 3.074085 4.018706 3.656501 3.446738 3.651027 4.080441 4.295346 3.538361 2.418677 2.700000 2.578759 2.854820 4.117038 3.398529 3.597221 3.978693 3.558089 2.998333 2.929164 3.243455 3.622154 2.954657 2.179449 3.103224 3.078961 3.114482 3.364521 1.913113 3.029851 5.338539 4.180909 5.357238 4.708503 5.091169 6.159545 3.479943 5.686827 5.040833 5.747173 4.419276 4.521062 4.902040 4.134005 4.402272 4.680812 4.682948 6.369458 6.531462 4.062019 5.190376 4.002499 6.261789 4.106093 5.042817 5.389805 3.981206 4.031129 4.851804 5.158488 5.591959 6.154673 4.891830 4.168933 4.547527 5.860034 4.959839 4.650806 3.915354 4.860041 5.072475 4.702127 4.180909 5.320714 5.206726 4.700000 4.249706 4.498889 4.718050 4.153312 
0.509902 0.300000 1.000000 0.244949 0.509902 1.086278 0.264575 0.412311 0.435890 0.316228 0.883176 0.374166 0.264575 0.500000 1.363818 1.587451 1.009950 0.519615 1.236932 0.754983 0.830662 0.700000 0.509902 0.648074 0.640312 0.469042 0.509902 0.616441 0.547723 0.300000 0.331662 0.781025 1.053565 1.284523 0.316228 0.316228 0.854400 0.316228 0.360555 0.489898 0.435890 0.927362 0.300000 0.655744 0.959166 0.264575 0.781025 0.141421 0.806226 0.331662 4.276681 3.849675 4.415880 3.154362 3.997499 3.551056 4.011234 2.306513 3.974921 2.949576 2.647640 3.402940 3.258834 3.879433 2.720294 3.880722 3.574913 3.152777 3.896152 2.978255 4.031129 3.258834 4.207137 3.831449 3.631804 3.834058 4.273172 4.469899 3.702702 2.615339 2.887906 2.771281 3.036445 4.282523 3.529873 3.732292 4.154516 3.766962 3.146427 3.103224 3.407345 3.785499 3.140064 2.353720 3.268027 3.232646 3.272614 3.542598 2.085665 3.195309 5.472659 4.334743 5.529014 4.868265 5.246904 6.336403 3.608324 5.866004 5.224940 5.894065 4.573839 4.693613 5.069517 4.291853 4.544227 4.827007 4.845617 6.520736 6.717887 4.250882 5.348832 4.143670 6.446705 4.281355 5.194228 5.558777 4.149699 4.185690 5.014978 5.338539 5.777543 6.312686 5.053712 4.341659 4.716991 6.040695 5.092151 4.806246 4.066940 5.026927 5.228767 4.868265 4.334743 5.475400 5.353504 4.864155 4.430576 4.661545 4.848711 4.298837 
0.648074 0.331662 0.244949 1.000000 0.648074 1.166190 0.331662 0.500000 0.300000 0.316228 1.000000 0.374166 0.264575 0.519615 1.529706 1.714643 1.166190 0.655744 1.322876 0.866025 0.877496 0.806226 0.707107 0.648074 0.538516 0.424264 0.547723 0.721110 0.678233 0.173205 0.223607 0.877496 1.170470 1.424781 0.316228 0.509902 1.004988 0.316228 0.300000 0.583095 0.608276 0.836660 0.300000 0.700000 0.969536 0.264575 0.866025 0.141421 0.921954 0.458258 4.177320 3.733631 4.305810 2.984962 3.872983 3.392639 3.889730 2.111871 3.854867 2.778489 2.451530 3.268027 3.108054 3.737646 2.580698 3.776242 3.420526 3.000000 3.749667 2.816026 3.892300 3.130495 4.062019 3.685105 3.511410 3.722902 4.154516 4.349713 3.562303 2.469818 2.720294 2.603843 2.891366 4.127953 3.367492 3.606938 4.042277 3.626293 2.996665 2.937686 3.235738 3.648287 2.989983 2.163331 3.108054 3.083829 3.122499 3.413210 1.915724 3.044667 5.335729 4.177320 5.406478 4.722288 5.109795 6.215304 3.420526 5.738467 5.081338 5.784462 4.451966 4.553021 4.945705 4.130375 4.396590 4.701064 4.709565 6.414047 6.590144 4.087787 5.229723 3.986226 6.322974 4.143670 5.069517 5.438750 4.012481 4.047221 4.873397 5.217279 5.655086 6.215304 4.913247 4.198809 4.555217 5.932116 4.962862 4.669047 3.926831 4.910193 5.104900 4.760252 4.177320 5.349766 5.232590 4.745524 4.288356 4.533211 4.719110 4.149699 
0.141421 0.608276 0.509902 0.648074 1.000000 0.616441 0.458258 0.223607 0.921954 0.529150 0.424264 0.346410 0.640312 0.974679 0.916515 1.086278 0.547723 0.173205 0.793725 0.264575 0.538516 0.264575 0.565685 0.529150 0.574456 0.632456 0.346410 0.244949 0.282843 0.538516 0.574456 0.500000 0.556776 0.781025 0.529150 0.447214 0.519615 0.529150 0.854400 0.244949 0.173205 1.400000 0.728011 0.458258 0.583095 0.640312 0.300000 0.565685 0.331662 0.300000 4.060788 3.663332 4.219005 3.148015 3.849675 3.456877 3.824918 2.387467 3.807887 2.922328 2.758623 3.271085 3.218695 3.745664 2.626785 3.685105 3.466987 3.062679 3.834058 2.937686 3.884585 3.133688 4.103657 3.706751 3.474191 3.655133 4.108528 4.296510 3.576311 2.557342 2.874022 2.760435 2.949576 4.178516 3.438023 3.551056 3.964846 3.686462 3.036445 3.070831 3.354102 3.640055 3.065942 2.437212 3.196873 3.112876 3.167018 3.398529 2.142429 3.103224 5.313191 4.246175 5.350701 4.730750 5.096077 6.145730 3.616628 5.687706 5.100980 5.676266 4.397727 4.568370 4.901020 4.230839 4.450843 4.662617 4.688283 6.278535 6.553625 4.196427 5.164301 4.060788 6.265780 4.160529 5.007994 5.359104 4.024922 4.047221 4.883646 5.149757 5.601785 6.057227 4.923413 4.208325 4.614109 5.843800 4.920366 4.645428 3.934463 4.844585 5.061620 4.686150 4.246175 5.297169 5.173007 4.701064 4.330127 4.504442 4.678675 4.173727 
0.616441 1.090871 1.086278 1.166190 0.616441 1.000000 0.994987 0.700000 1.459452 1.009950 0.346410 0.812404 1.161895 1.571623 0.678233 0.616441 0.400000 0.591608 0.331662 0.387298 0.538516 0.412311 1.122497 0.678233 0.830662 1.009950 0.648074 0.529150 0.648074 1.014889 1.024695 0.538516 0.458258 0.479583 1.009950 0.969536 0.608276 1.009950 1.417745 0.648074 0.700000 1.881489 1.300000 0.608276 0.374166 1.126943 0.387298 1.122497 0.360555 0.806226 3.612478 3.246537 3.786819 2.944486 3.469870 3.154362 3.407345 2.328089 3.414674 2.705550 2.714774 2.918904 2.983287 3.389690 2.336664 3.258834 3.146427 2.778489 3.546830 2.707397 3.508561 2.792848 3.770942 3.367492 3.093542 3.246537 3.712142 3.883298 3.226453 2.319483 2.675818 2.572936 2.660827 3.847077 3.140064 3.144837 3.541186 3.386739 2.723968 2.840775 3.103224 3.272614 2.789265 2.374868 2.922328 2.791057 2.854820 3.034798 2.056696 2.805352 4.906119 3.925557 4.922398 4.356604 4.697872 5.705261 3.426368 5.265928 4.734976 5.205766 3.977436 4.201190 4.483302 3.937004 4.114608 4.249706 4.291853 5.791373 6.134330 3.917908 4.727579 3.748333 5.836095 3.801316 4.576024 4.917316 3.663332 3.674235 4.506662 4.722288 5.178803 5.559676 4.545327 3.845777 4.288356 5.391660 4.502222 4.247352 3.569314 4.412482 4.641121 4.249706 3.925557 4.868265 4.739198 4.284857 3.988734 4.102438 4.264974 3.818377 
0.519615 0.509902 0.264575 0.331662 0.458258 0.994987 1.000000 0.424264 0.547723 0.479583 0.866025 0.300000 0.489898 0.616441 1.360147 1.493318 0.953939 0.509902 1.208305 0.648074 0.860233 0.600000 0.458258 0.624500 0.547723 0.608276 0.458258 0.624500 0.608276 0.316228 0.424264 0.812404 0.948683 1.208305 0.479583 0.500000 0.916515 0.479583 0.469042 0.519615 0.424264 1.109054 0.316228 0.547723 0.818535 0.447214 0.678233 0.223607 0.774597 0.424264 4.230839 3.785499 4.366921 3.127299 3.956008 3.489986 3.934463 2.278157 3.935734 2.882707 2.649528 3.336165 3.263434 3.820995 2.662705 3.835362 3.494281 3.116087 3.879433 2.949576 3.942081 3.220248 4.170132 3.782856 3.591657 3.790778 4.239104 4.414748 3.641428 2.598076 2.865310 2.754995 2.998333 4.222558 3.442383 3.641428 4.102438 3.754997 3.074085 3.062679 3.355592 3.722902 3.106445 2.338803 3.214032 3.165438 3.209361 3.495712 2.063977 3.140064 5.375872 4.263801 5.468089 4.798958 5.171073 6.280127 3.531289 5.813777 5.179768 5.807753 4.497777 4.636809 5.004998 4.227292 4.460942 4.742362 4.778075 6.439720 6.670832 4.219005 5.274467 4.062019 6.399219 4.228475 5.113707 5.496362 4.090232 4.112177 4.947727 5.288667 5.731492 6.240192 4.984977 4.287190 4.662617 5.988322 4.993996 4.731807 3.991240 4.961854 5.152669 4.803124 4.263801 5.397222 5.267827 4.796874 4.384062 4.593474 4.749737 4.217819 
0.173205 0.424264 0.412311 0.500000 0.223607 0.700000 0.424264 1.000000 0.787401 0.331662 0.500000 0.223607 0.469042 0.905539 1.044031 1.236932 0.700000 0.200000 0.836660 0.424264 0.447214 0.374166 0.670820 0.387298 0.447214 0.412311 0.223607 0.223607 0.223607 0.374166 0.374166 0.447214 0.734847 0.948683 0.331662 0.360555 0.547723 0.331662 0.748331 0.100000 0.244949 1.228821 0.663325 0.424264 0.608276 0.469042 0.424264 0.458258 0.424264 0.141421 3.964846 3.562303 4.117038 2.986637 3.729611 3.325658 3.728270 2.211334 3.691883 2.780288 2.569047 3.154362 3.054505 3.624914 2.495997 3.581899 3.348134 2.920616 3.683748 2.782086 3.781534 3.004996 3.968627 3.579106 3.355592 3.545420 3.991240 4.189272 3.455431 2.402082 2.711088 2.594224 2.808914 4.050926 3.318132 3.458323 3.861347 3.538361 2.913760 2.918904 3.209361 3.524202 2.920616 2.256103 3.057777 2.989983 3.039737 3.277194 1.969772 2.969848 5.219195 4.120680 5.247857 4.616276 4.989990 6.044833 3.474191 5.580323 4.974937 5.597321 4.300000 4.447471 4.796874 4.097560 4.335897 4.566180 4.579301 6.204031 6.442049 4.047221 5.069517 3.939543 6.158734 4.037326 4.914265 5.262129 3.905125 3.935734 4.768648 5.044799 5.492722 5.984981 4.809366 4.086563 4.483302 5.746303 4.831149 4.539824 3.822303 4.745524 4.962862 4.590207 4.120680 5.200961 5.082322 4.598913 4.200000 4.397727 4.589118 4.060788 
0.921954 0.509902 0.435890 0.300000 0.921954 1.459452 0.547723 0.787401 1.000000 0.556776 1.284523 0.670820 0.424264 0.346410 1.791647 1.997498 1.431782 0.927362 1.612452 1.148913 1.157584 1.086278 0.830662 0.911043 0.812404 0.640312 0.830662 1.004988 0.943398 0.469042 0.489898 1.140175 1.449138 1.702939 0.556776 0.700000 1.256981 0.556776 0.141421 0.866025 0.860233 0.624500 0.316228 0.959166 1.260952 0.424264 1.157584 0.360555 1.208305 0.721110 4.379498 3.923009 4.497777 3.088689 4.043513 3.538361 4.076763 2.179449 4.036087 2.893095 2.493993 3.433657 3.232646 3.901282 2.736786 3.971146 3.570714 3.151190 3.876854 2.942788 4.057093 3.296968 4.208325 3.845777 3.690528 3.910243 4.332436 4.528797 3.722902 2.613427 2.833725 2.718455 3.041381 4.272002 3.508561 3.792097 4.232021 3.765634 3.154362 3.056141 3.361547 3.818377 3.132092 2.229350 3.244996 3.246537 3.277194 3.586084 2.004994 3.193744 5.497272 4.310452 5.582114 4.879549 5.270674 6.395311 3.502856 5.914389 5.231635 5.975784 4.629255 4.705316 5.117617 4.248529 4.527693 4.869292 4.877499 6.617401 6.755738 4.207137 5.407402 4.115823 6.498461 4.296510 5.248809 5.625833 4.167733 4.208325 5.025933 5.400926 5.830094 6.426508 5.064583 4.358899 4.696807 6.115554 5.132251 4.838388 4.085340 5.089204 5.273519 4.938623 4.310452 5.523586 5.406478 4.914265 4.429447 4.701064 4.888763 4.302325 
0.469042 0.173205 0.316228 0.316228 0.529150 1.009950 0.479583 0.331662 0.556776 1.000000 0.787401 0.346410 0.173205 0.728011 1.311488 1.555635 1.009950 0.500000 1.100000 0.754983 0.624500 0.700000 0.774597 0.529150 0.519615 0.200000 0.447214 0.509902 0.447214 0.264575 0.173205 0.655744 1.044031 1.260952 0.000000 0.346410 0.754983 0.000000 0.556776 0.374166 0.500000 0.938083 0.556776 0.655744 0.883176 0.264575 0.741620 0.346410 0.728011 0.264575 4.043513 3.635932 4.185690 2.947881 3.770942 3.342155 3.806573 2.130728 3.738984 2.774887 2.455606 3.203123 3.013304 3.661967 2.525866 3.652396 3.385262 2.922328 3.668787 2.758623 3.845777 3.036445 3.979950 3.602777 3.401470 3.605551 4.034848 4.249706 3.494281 2.387467 2.672078 2.549510 2.817801 4.071855 3.349627 3.542598 3.929377 3.528456 2.949576 2.900000 3.198437 3.570714 2.918904 2.167948 3.062679 3.024897 3.067572 3.318132 1.910497 2.988311 5.292447 4.143670 5.311309 4.658326 5.046781 6.108191 3.452535 5.632939 4.998000 5.697368 4.374929 4.482187 4.860041 4.106093 4.376071 4.641121 4.632494 6.307139 6.487681 4.028647 5.146844 3.968627 6.211280 4.070626 4.991994 5.332917 3.944617 3.987480 4.811445 5.102940 5.544367 6.091798 4.853864 4.119466 4.493328 5.818075 4.914265 4.597826 3.872983 4.817676 5.033885 4.669047 4.143670 5.274467 5.165269 4.666905 4.220190 4.457578 4.672259 4.106093 
0.374166 0.866025 0.883176 1.000000 0.424264 0.346410 0.866025 0.500000 1.284523 0.787401 1.000000 0.678233 0.932738 1.367479 0.583095 0.787401 0.346410 0.387298 0.387298 0.331662 0.360555 0.360555 0.948683 0.616441 0.781025 0.812404 0.547723 0.282843 0.374166 0.866025 0.854400 0.360555 0.458258 0.519615 0.787401 0.707107 0.300000 0.787401 1.236932 0.424264 0.500000 1.679286 1.135782 0.608276 0.547723 0.932738 0.331662 0.948683 0.100000 0.574456 3.806573 3.455431 3.982462 3.070831 3.649658 3.333167 3.629049 2.412468 3.591657 2.870540 2.773085 3.117691 3.082207 3.579106 2.509980 3.449638 3.349627 2.925748 3.685105 2.837252 3.734970 2.959730 3.937004 3.541186 3.269557 3.432200 3.885872 4.084116 3.419064 2.437212 2.792848 2.679552 2.814249 4.034848 3.343651 3.377869 3.738984 3.519943 2.915476 2.984962 3.260368 3.468429 2.935984 2.449490 3.088689 2.978255 3.038092 3.214032 2.142429 2.978255 5.148786 4.124318 5.133225 4.562894 4.918333 5.911853 3.597221 5.463515 4.917316 5.449771 4.202380 4.396590 4.696807 4.125530 4.332436 4.483302 4.501111 6.028267 6.330087 4.068169 4.954796 3.956008 6.031584 3.991240 4.806246 5.128353 3.860052 3.885872 4.714870 4.917316 5.372150 5.788782 4.756049 4.033609 4.466542 5.599107 4.748684 4.463183 3.781534 4.629255 4.868265 4.469899 4.124318 5.097058 4.977951 4.503332 4.170132 4.316248 4.511097 4.032369 
0.374166 0.458258 0.374166 0.374166 0.346410 0.812404 0.300000 0.223607 0.670820 0.346410 0.678233 1.000000 0.458258 0.818535 1.232883 1.363818 0.860233 0.387298 0.994987 0.519615 0.608276 0.479583 0.663325 0.447214 0.300000 0.447214 0.282843 0.424264 0.447214 0.223607 0.300000 0.640312 0.818535 1.081665 0.346410 0.489898 0.768115 0.346410 0.640312 0.316228 0.387298 1.183216 0.538516 0.458258 0.616441 0.458258 0.500000 0.346410 0.591608 0.300000 3.991240 3.563706 4.132796 2.944486 3.733631 3.284814 3.718871 2.130728 3.701351 2.716616 2.500000 3.133688 3.046309 3.604164 2.469818 3.602777 3.301515 2.894823 3.674235 2.747726 3.748333 3.003331 3.954744 3.558089 3.363034 3.560899 4.004997 4.192851 3.433657 2.387467 2.672078 2.557342 2.789265 4.017462 3.258834 3.436568 3.872983 3.536948 2.874022 2.875761 3.157531 3.505710 2.898275 2.186321 3.016621 2.954657 3.004996 3.272614 1.915724 2.937686 5.187485 4.077990 5.248809 4.589118 4.968903 6.050620 3.388215 5.581219 4.961854 5.598214 4.291853 4.430576 4.793746 4.052160 4.295346 4.549725 4.562894 6.211280 6.445929 4.016217 5.066557 3.889730 6.166036 4.023680 4.903060 5.264979 3.888444 3.911521 4.746578 5.051732 5.500909 6.004165 4.787484 4.068169 4.446347 5.764547 4.805206 4.518849 3.794733 4.748684 4.953786 4.600000 4.077990 5.190376 5.071489 4.597826 4.184495 4.387482 4.561798 4.022437 
0.591608 0.141421 0.264575 0.264575 0.640312 1.161895 0.489898 0.469042 0.424264 0.173205 0.932738 0.458258 1.000000 0.583095 1.431782 1.694107 1.126943 0.616441 1.256981 0.883176 0.787401 0.824621 0.754983 0.655744 0.648074 0.300000 0.574456 0.655744 0.574456 0.316228 0.244949 0.787401 1.174734 1.392839 0.173205 0.360555 0.871780 0.173205 0.424264 0.519615 0.583095 0.793725 0.469042 0.761577 1.034408 0.200000 0.883176 0.300000 0.871780 0.374166 4.178516 3.764306 4.316248 3.029851 3.889730 3.449638 3.934463 2.188607 3.863936 2.861818 2.501999 3.318132 3.106445 3.778889 2.632489 3.782856 3.494281 3.031501 3.764306 2.853069 3.962323 3.151190 4.087787 3.718871 3.524202 3.732292 4.158125 4.373786 3.608324 2.487971 2.758623 2.636285 2.924038 4.179713 3.453983 3.668787 4.058325 3.630427 3.061046 2.989983 3.295451 3.690528 3.021589 2.224860 3.163858 3.140064 3.178050 3.438023 1.974842 3.095158 5.409251 4.244997 5.435071 4.773887 5.163332 6.235383 3.525621 5.758472 5.109795 5.828379 4.497777 4.593474 4.980964 4.198809 4.474371 4.759202 4.752894 6.445929 6.607571 4.123106 5.270674 4.066940 6.336403 4.180909 5.117617 5.463515 4.055860 4.102438 4.923413 5.231635 5.668333 6.233779 4.964877 4.235564 4.602173 5.944746 5.033885 4.719110 3.986226 4.941660 5.152669 4.790616 4.244997 5.397222 5.286776 4.784349 4.324350 4.576024 4.791659 4.217819 
0.994987 0.678233 0.500000 0.519615 0.974679 1.571623 0.616441 0.905539 0.346410 0.728011 1.367479 0.818535 0.583095 1.000000 1.808314 2.042058 1.466288 1.009950 1.732051 1.216553 1.319091 1.174734 0.685565 1.118034 1.029563 0.866025 0.994987 1.109054 1.034408 0.678233 0.721110 1.272792 1.476482 1.726268 0.728011 0.741620 1.319091 0.728011 0.244949 0.984886 0.905539 0.781025 0.316228 1.113553 1.417745 0.616441 1.240967 0.479583 1.288410 0.824621 4.688283 4.239104 4.813523 3.432200 4.369210 3.872983 4.393177 2.523886 4.357752 3.229551 2.839014 3.758989 3.570714 4.230839 3.064311 4.283690 3.900000 3.485685 4.215448 3.283291 4.379498 3.623534 4.544227 4.177320 4.012481 4.227292 4.655105 4.850773 4.052160 2.947881 3.176476 3.061046 3.374907 4.607602 3.837968 4.106093 4.548626 4.101219 3.482815 3.397058 3.701351 4.144876 3.468429 2.574879 3.581899 3.574913 3.608324 3.911521 2.345208 3.527038 5.818935 4.645428 5.905929 5.210566 5.598214 6.718631 3.837968 6.240192 5.566866 6.287289 4.948737 5.037857 5.441507 4.585848 4.855924 5.189412 5.204805 6.926038 7.085196 4.549725 5.727128 4.447471 6.824222 4.628175 5.568662 5.945587 4.497777 4.535416 5.357238 5.722762 6.155485 6.730527 5.395368 4.690416 5.033885 6.434283 5.449771 5.164301 4.412482 5.409251 5.595534 5.254522 4.645428 5.845511 5.724509 5.235456 4.764452 5.025933 5.205766 4.631414 
0.883176 1.360147 1.363818 1.529706 0.916515 0.678233 1.360147 1.044031 1.791647 1.311488 0.583095 1.232883 1.431782 1.808314 1.000000 0.547723 0.469042 0.888819 0.556776 0.793725 0.877496 0.842615 1.280625 1.148913 1.360147 1.341641 1.095445 0.836660 0.871780 1.417745 1.403567 0.806226 0.685565 0.412311 1.311488 1.131371 0.591608 1.311488 1.723369 0.969536 0.953939 2.144761 1.615549 1.100000 1.029563 1.431782 0.830662 1.456022 0.655744 1.081665 3.971146 3.685105 4.171331 3.468429 3.896152 3.681032 3.866523 2.901724 3.823611 3.283291 3.251154 3.420526 3.429286 3.871692 2.867054 3.646917 3.690528 3.277194 3.997499 3.223352 4.021194 3.252691 4.228475 3.844477 3.519943 3.649658 4.103657 4.301163 3.718871 2.810694 3.196873 3.088689 3.159114 4.347413 3.706751 3.640055 3.944617 3.819686 3.264966 3.374907 3.645545 3.753665 3.286335 2.929164 3.455431 3.318132 3.380828 3.491418 2.605763 3.327161 5.391660 4.448595 5.328227 4.835287 5.162364 6.083584 4.024922 5.659505 5.174940 5.605355 4.424929 4.663690 4.909175 4.465423 4.635731 4.713809 4.747631 6.156298 6.516901 4.405678 5.148786 4.290688 6.208059 4.264974 5.015974 5.310367 4.137632 4.164133 4.976947 5.106858 5.558777 5.893216 5.015974 4.311612 4.780167 5.747173 4.980964 4.713809 4.069398 4.823899 5.081338 4.651881 4.448595 5.304715 5.180734 4.713809 4.453089 4.553021 4.750789 4.333590 
1.104536 1.627882 1.587451 1.714643 1.086278 0.616441 1.493318 1.236932 1.997498 1.555635 0.787401 1.363818 1.694107 2.042058 0.547723 1.000000 0.616441 1.090871 0.640312 0.854400 1.081665 0.921954 1.462874 1.272792 1.417745 1.581139 1.224745 1.048809 1.140175 1.577973 1.596872 1.044031 0.655744 0.360555 1.555635 1.435270 0.964365 1.555635 1.931321 1.183216 1.161895 2.428992 1.791647 1.161895 0.938083 1.670329 0.877496 1.643168 0.830662 1.322876 3.790778 3.484250 3.987480 3.392639 3.744329 3.517101 3.640055 2.870540 3.671512 3.146427 3.257299 3.240370 3.397058 3.694591 2.734959 3.478505 3.489986 3.165438 3.911521 3.141656 3.785499 3.127299 4.091455 3.687818 3.374907 3.489986 3.957272 4.110961 3.542598 2.756810 3.133688 3.039737 3.049590 4.168933 3.501428 3.395585 3.760319 3.740321 3.088689 3.272614 3.511410 3.567913 3.184337 2.915476 3.316625 3.144837 3.217142 3.339162 2.590367 3.182766 5.121523 4.255585 5.115662 4.623851 4.932545 5.871116 3.865230 5.459853 5.005996 5.334791 4.195235 4.479955 4.696807 4.291853 4.419276 4.469899 4.534314 5.885576 6.325346 4.288356 4.912230 4.085340 6.013319 4.095119 4.768648 5.089204 3.957272 3.954744 4.769696 4.913247 5.372150 5.636488 4.806246 4.134005 4.605432 5.543465 4.708503 4.487761 3.860052 4.607602 4.847680 4.438468 4.255585 5.061620 4.925444 4.501111 4.297674 4.341659 4.479955 4.113393 
0.547723 1.053565 1.009950 1.166190 0.547723 0.400000 0.953939 0.700000 1.431782 1.009950 0.346410 0.860233 1.126943 1.466288 0.469042 0.616441 1.000000 0.519615 0.519615 0.387298 0.670820 0.412311 0.927362 0.787401 1.004988 1.048809 0.707107 0.529150 0.583095 1.053565 1.063015 0.538516 0.458258 0.387298 1.009950 0.836660 0.458258 1.009950 1.360147 0.648074 0.574456 1.838478 1.236932 0.670820 0.678233 1.090871 0.479583 1.086278 0.360555 0.754983 3.950949 3.597221 4.130375 3.266497 3.810512 3.514257 3.764306 2.619160 3.760319 3.039737 2.994996 3.268027 3.301515 3.748333 2.672078 3.597221 3.507136 3.130495 3.870400 3.041381 3.866523 3.130495 4.115823 3.728270 3.436568 3.586084 4.052160 4.228475 3.579106 2.641969 3.000000 2.894823 3.000000 4.204759 3.501428 3.505710 3.885872 3.713489 3.082207 3.173326 3.456877 3.631804 3.127299 2.660827 3.271085 3.154362 3.210919 3.383785 2.330236 3.154362 5.260228 4.276681 5.267827 4.718050 5.050743 6.052272 3.760319 5.618719 5.085273 5.547973 4.324350 4.548626 4.827007 4.277850 4.450843 4.593474 4.649731 6.140033 6.476882 4.260282 5.070503 4.095119 6.182233 4.143670 4.929503 5.270674 4.007493 4.027406 4.856954 5.073460 5.522681 5.901695 4.892852 4.203570 4.655105 5.722762 4.852834 4.608687 3.921734 4.752894 4.981967 4.576024 4.276681 5.217279 5.081338 4.617359 4.325506 4.448595 4.616276 4.178516 
0.100000 0.547723 0.519615 0.655744 0.173205 0.591608 0.509902 0.200000 0.927362 0.500000 0.387298 0.387298 0.616441 1.009950 0.888819 1.090871 0.519615 1.000000 0.734847 0.316228 0.447214 0.244949 0.655744 0.412311 0.600000 0.556776 0.264575 0.173205 0.173205 0.547723 0.547723 0.346410 0.648074 0.812404 0.500000 0.387298 0.424264 0.500000 0.871780 0.173205 0.141421 1.345362 0.774597 0.374166 0.591608 0.583095 0.374166 0.591608 0.316228 0.244949 3.974921 3.581899 4.134005 3.059412 3.758989 3.385262 3.749667 2.313007 3.721559 2.847806 2.675818 3.189044 3.122499 3.668787 2.539685 3.595831 3.398529 2.984962 3.734970 2.853069 3.813135 3.041381 4.016217 3.631804 3.385262 3.565109 4.018706 4.210701 3.495712 2.463737 2.787472 2.673948 2.861818 4.102438 3.374907 3.481379 3.879433 3.588872 2.964793 2.986637 3.283291 3.563706 2.978255 2.355844 3.119295 3.043025 3.091925 3.313608 2.049390 3.023243 5.242137 4.168933 5.266878 4.657252 5.017968 6.064652 3.551056 5.608921 5.016971 5.599107 4.316248 4.483302 4.815600 4.148494 4.368066 4.581484 4.611941 6.208865 6.466838 4.110961 5.081338 3.984972 6.183041 4.071855 4.932545 5.282992 3.938274 3.968627 4.802083 5.070503 5.516339 5.984981 4.840455 4.130375 4.545327 5.753260 4.847680 4.572745 3.856164 4.758151 4.976947 4.592385 4.168933 5.218237 5.092151 4.609772 4.237924 4.420407 4.606517 4.102438 
0.741620 1.174734 1.236932 1.322876 0.793725 0.331662 1.208305 0.836660 1.612452 1.100000 0.387298 0.994987 1.256981 1.732051 0.556776 0.640312 0.519615 0.734847 1.000000 0.632456 0.509902 0.648074 1.322876 0.806226 1.009950 1.072381 0.818535 0.624500 0.714143 1.174734 1.148913 0.547723 0.648074 0.547723 1.100000 1.053565 0.547723 1.100000 1.581139 0.754983 0.860233 1.962142 1.489966 0.824621 0.640312 1.240967 0.616441 1.292285 0.469042 0.916515 3.501428 3.182766 3.689173 2.929164 3.389690 3.136877 3.361547 2.376973 3.321144 2.740438 2.731300 2.893095 2.903446 3.343651 2.330236 3.160696 3.151190 2.733130 3.477068 2.679552 3.501428 2.729469 3.705401 3.312099 3.009983 3.154362 3.609709 3.806573 3.190611 2.273763 2.655184 2.547548 2.621068 3.814446 3.163858 3.127299 3.453983 3.301515 2.722132 2.831960 3.095158 3.228002 2.747726 2.406242 2.910326 2.774887 2.839014 2.969848 2.092845 2.785678 4.892852 3.916631 4.845617 4.316248 4.658326 5.612486 3.482815 5.174940 4.663690 5.146844 3.930649 4.149699 4.419276 3.933192 4.120680 4.220190 4.239104 5.710517 6.039868 3.870400 4.669047 3.760319 5.734980 3.749667 4.526588 4.832184 3.620773 3.645545 4.465423 4.624932 5.080354 5.460769 4.506662 3.789459 4.244997 5.291503 4.487761 4.203570 3.548239 4.342810 4.594562 4.182105 3.916631 4.817676 4.700000 4.229657 3.937004 4.052160 4.254409 3.806573 
0.331662 0.836660 0.754983 0.866025 0.264575 0.387298 0.648074 0.424264 1.148913 0.754983 0.331662 0.519615 0.883176 1.216553 0.793725 0.854400 0.387298 0.316228 0.632456 1.000000 0.547723 0.141421 0.741620 0.574456 0.648074 0.818535 0.435890 0.331662 0.435890 0.734847 0.774597 0.509902 0.374166 0.583095 0.754983 0.685565 0.547723 0.754983 1.086278 0.412311 0.374166 1.627882 0.948683 0.447214 0.412311 0.860233 0.141421 0.793725 0.244949 0.529150 3.926831 3.534119 4.090232 3.108054 3.742993 3.370460 3.690528 2.393742 3.697296 2.861818 2.782086 3.163858 3.179623 3.641428 2.543619 3.559494 3.366007 2.991655 3.769615 2.887906 3.760319 3.041381 4.016217 3.612478 3.367492 3.536948 3.998750 4.172529 3.472751 2.507987 2.837252 2.729469 2.875761 4.082891 3.342155 3.414674 3.837968 3.619392 2.941088 3.016621 3.289377 3.529873 2.998333 2.447448 3.122499 3.016621 3.075711 3.295451 2.140093 3.019934 5.174940 4.149699 5.219195 4.616276 4.969909 6.011655 3.562303 5.562374 4.999000 5.518152 4.262628 4.460942 4.771792 4.146082 4.342810 4.526588 4.566180 6.116371 6.431174 4.130375 5.023943 3.962323 6.139218 4.057093 4.867237 5.222069 3.917908 3.930649 4.768648 5.022947 5.478138 5.894065 4.807286 4.103657 4.523273 5.706137 4.777028 4.519956 3.819686 4.709565 4.926459 4.548626 4.149699 5.158488 5.028916 4.570558 4.235564 4.379498 4.536518 4.060788 
0.435890 0.707107 0.830662 0.877496 0.538516 0.538516 0.860233 0.447214 1.157584 0.624500 0.360555 0.608276 0.787401 1.319091 0.877496 1.081665 0.670820 0.447214 0.509902 0.547723 1.000000 0.509902 1.081665 0.435890 0.632456 0.574456 0.458258 0.300000 0.360555 0.734847 0.678233 0.282843 0.761577 0.860233 0.624500 0.670820 0.424264 0.624500 1.148913 0.360555 0.583095 1.479865 1.095445 0.583095 0.574456 0.787401 0.509902 0.877496 0.374166 0.509902 3.611094 3.251154 3.777565 2.778489 3.416138 3.082207 3.432200 2.109502 3.363034 2.609598 2.449490 2.889637 2.780288 3.343651 2.260531 3.241913 3.119295 2.655184 3.407345 2.549510 3.529873 2.711088 3.681032 3.293934 3.036445 3.214032 3.656501 3.871692 3.184337 2.147091 2.495997 2.376973 2.547548 3.790778 3.112876 3.187475 3.531289 3.243455 2.677686 2.705550 2.989983 3.240370 2.662705 2.137756 2.826659 2.738613 2.792848 2.976575 1.843909 2.723968 4.959839 3.885872 4.929503 4.339355 4.709565 5.711392 3.339162 5.251666 4.676537 5.284884 4.006245 4.164133 4.491102 3.876854 4.113393 4.290688 4.286024 5.869412 6.113919 3.792097 4.764452 3.725587 5.821512 3.754997 4.616276 4.932545 3.629049 3.667424 4.492215 4.708503 5.158488 5.633826 4.535416 3.797368 4.216634 5.405553 4.567275 4.253234 3.562303 4.431704 4.672259 4.279019 3.885872 4.904080 4.794789 4.302325 3.924283 4.106093 4.328972 3.811824 
0.300000 0.761577 0.700000 0.806226 0.264575 0.412311 0.600000 0.374166 1.086278 0.700000 0.360555 0.479583 0.824621 1.174734 0.842615 0.921954 0.412311 0.244949 0.648074 0.141421 0.509902 1.000000 0.741620 0.458258 0.616441 0.741620 0.331662 0.300000 0.387298 0.678233 0.707107 0.424264 0.509902 0.678233 0.700000 0.624500 0.529150 0.700000 1.029563 0.360555 0.316228 1.539480 0.905539 0.316228 0.412311 0.774597 0.244949 0.741620 0.282843 0.469042 3.885872 3.485685 4.045986 3.029851 3.686462 3.313608 3.644173 2.308679 3.648287 2.787472 2.694439 3.103224 3.109662 3.588872 2.471841 3.511410 3.309078 2.934280 3.697296 2.817801 3.706751 2.978255 3.956008 3.562303 3.313608 3.485685 3.948417 4.121893 3.414674 2.435159 2.762245 2.655184 2.808914 4.026164 3.284814 3.367492 3.790778 3.552464 2.882707 2.942788 3.228002 3.478505 2.930870 2.360085 3.057777 2.963106 3.016621 3.240370 2.044505 2.956349 5.124451 4.086563 5.171073 4.566180 4.917316 5.969925 3.488553 5.520869 4.944694 5.476313 4.210701 4.402272 4.719110 4.075537 4.273172 4.471018 4.517743 6.086871 6.382789 4.064480 4.973932 3.896152 6.096720 3.994997 4.821825 5.183628 3.856164 3.874274 4.711688 4.982971 5.432311 5.866856 4.748684 4.052160 4.474371 5.658622 4.726521 4.473254 3.761649 4.658326 4.871345 4.491102 4.086563 5.109795 4.976947 4.511097 4.168933 4.324350 4.485532 4.006245 
0.648074 0.781025 0.509902 0.707107 0.565685 1.122497 0.458258 0.670820 0.830662 0.774597 0.948683 0.663325 0.754983 0.685565 1.280625 1.462874 0.927362 0.655744 1.322876 0.741620 1.081665 0.741620 1.000000 0.959166 0.943398 0.938083 0.774597 0.787401 0.748331 0.728011 0.806226 0.984886 0.932738 1.153256 0.774597 0.600000 0.953939 0.774597 0.700000 0.734847 0.519615 1.341641 0.538516 0.830662 1.067708 0.754983 0.806226 0.565685 0.866025 0.640312 4.588028 4.164133 4.737088 3.565109 4.347413 3.912800 4.316248 2.731300 4.319722 3.319639 3.100000 3.738984 3.682391 4.227292 3.075711 4.202380 3.911521 3.535534 4.296510 3.380828 4.341659 3.619392 4.582576 4.192851 3.978693 4.166533 4.621688 4.797916 4.048456 3.016621 3.301515 3.190611 3.414674 4.641121 3.865230 4.026164 4.476606 4.165333 3.489986 3.497142 3.790778 4.124318 3.527038 2.789265 3.641428 3.579106 3.626293 3.892300 2.503997 3.559494 5.768015 4.685083 5.850641 5.205766 5.568662 6.658078 3.974921 6.199193 5.587486 6.169279 4.880574 5.042817 5.390733 4.654031 4.871345 5.128353 5.174940 6.792643 7.059037 4.648656 5.652433 4.482187 6.780855 4.633573 5.495453 5.871967 4.494441 4.514421 5.352569 5.667451 6.113919 6.582553 5.388877 4.693613 5.084290 6.355313 5.378662 5.128353 4.395452 5.339476 5.537147 5.173007 4.685083 5.781003 5.646238 5.178803 4.794789 4.984977 5.135173 4.628175 
0.469042 0.556776 0.648074 0.648074 0.529150 0.678233 0.624500 0.387298 0.911043 0.529150 0.616441 0.447214 0.655744 1.118034 1.148913 1.272792 0.787401 0.412311 0.806226 0.574456 0.435890 0.458258 0.959166 1.000000 0.479583 0.447214 0.200000 0.424264 0.447214 0.519615 0.479583 0.387298 0.921954 1.072381 0.529150 0.600000 0.670820 0.529150 0.911043 0.374166 0.500000 1.249000 0.866025 0.264575 0.547723 0.556776 0.591608 0.663325 0.574456 0.435890 3.664696 3.246537 3.810512 2.662705 3.408812 3.014963 3.413210 1.913113 3.385262 2.453569 2.278157 2.824889 2.749545 3.312099 2.158703 3.271085 3.029851 2.619160 3.355592 2.467793 3.456877 2.679552 3.649658 3.277194 3.041381 3.231099 3.682391 3.870400 3.132092 2.083267 2.395830 2.284732 2.485961 3.733631 3.003331 3.141656 3.549648 3.220248 2.596151 2.594224 2.903446 3.210919 2.600000 1.954482 2.738613 2.681418 2.722132 2.961419 1.640122 2.647640 4.891830 3.790778 4.928489 4.301163 4.663690 5.736724 3.155947 5.277310 4.658326 5.278257 3.972405 4.119466 4.469899 3.760319 3.988734 4.230839 4.263801 5.907622 6.126173 3.729611 4.742362 3.604164 5.853204 3.705401 4.595650 4.959839 3.572114 3.608324 4.439595 4.745524 5.182663 5.694734 4.476606 3.774917 4.184495 5.426785 4.502222 4.226109 3.492850 4.419276 4.628175 4.252058 3.790778 4.876474 4.749737 4.259108 3.863936 4.068169 4.260282 3.738984 
0.591608 0.648074 0.640312 0.538516 0.574456 0.830662 0.547723 0.447214 0.812404 0.519615 0.781025 0.300000 0.648074 1.029563 1.360147 1.417745 1.004988 0.600000 1.009950 0.648074 0.632456 0.616441 0.943398 0.479583 1.000000 0.538516 0.412311 0.574456 0.640312 0.374166 0.424264 0.748331 0.905539 1.174734 0.519615 0.754983 0.927362 0.519615 0.824621 0.500000 0.648074 1.292285 0.748331 0.547723 0.538516 0.648074 0.583095 0.574456 0.707107 0.547723 3.762978 3.324154 3.897435 2.705550 3.497142 3.023243 3.472751 1.900000 3.462658 2.467793 2.280351 2.889637 2.816026 3.349627 2.233831 3.374907 3.041381 2.640076 3.442383 2.501999 3.495712 2.769476 3.708099 3.300000 3.127299 3.330165 3.769615 3.953479 3.184337 2.156386 2.431049 2.317326 2.547548 3.758989 2.994996 3.187475 3.637307 3.304542 2.617250 2.630589 2.894823 3.252691 2.655184 1.962142 2.762245 2.694439 2.749545 3.029851 1.708801 2.687006 4.935585 3.823611 5.005996 4.330127 4.718050 5.805170 3.135283 5.331041 4.710626 5.360037 4.050926 4.183300 4.553021 3.803945 4.054627 4.309292 4.309292 5.967411 6.201613 3.765634 4.827007 3.638681 5.920304 3.781534 4.655105 5.016971 3.645545 3.661967 4.496665 4.805206 5.258327 5.767148 4.539824 3.813135 4.178516 5.533534 4.558509 4.262628 3.545420 4.512206 4.714870 4.376071 3.823611 4.944694 4.832184 4.366921 3.944617 4.144876 4.315090 3.764306 
0.547723 0.223607 0.469042 0.424264 0.632456 1.009950 0.608276 0.412311 0.640312 0.200000 0.812404 0.447214 0.300000 0.866025 1.341641 1.581139 1.048809 0.556776 1.072381 0.818535 0.574456 0.741620 0.938083 0.447214 0.538516 1.000000 0.447214 0.547723 0.489898 0.360555 0.223607 0.608276 1.126943 1.315295 0.200000 0.447214 0.768115 0.200000 0.670820 0.424264 0.591608 0.916515 0.700000 0.640312 0.883176 0.300000 0.806226 0.489898 0.768115 0.360555 3.884585 3.478505 4.024922 2.776689 3.602777 3.185906 3.653765 1.974842 3.574913 2.619160 2.291288 3.043025 2.835489 3.502856 2.362202 3.489986 3.234192 2.760435 3.489986 2.590367 3.694591 2.867054 3.810512 3.443835 3.235738 3.440930 3.867816 4.086563 3.333167 2.213594 2.501999 2.379075 2.649528 3.911521 3.203123 3.395585 3.768289 3.351119 2.796426 2.733130 3.041381 3.413210 2.749545 2.004994 2.901724 2.872281 2.910326 3.154362 1.740690 2.826659 5.141012 3.983717 5.148786 4.501111 4.887740 5.947268 3.304542 5.472659 4.831149 5.544367 4.216634 4.316248 4.696807 3.942081 4.215448 4.483302 4.474371 6.159545 6.320601 3.858756 4.986983 3.811824 6.048140 3.902563 4.837355 5.176872 3.778889 3.828838 4.648656 4.943683 5.379591 5.943904 4.690416 3.958535 4.337050 5.652433 4.763402 4.442972 3.714835 4.655105 4.872371 4.503332 3.983717 5.116640 5.007994 4.501111 4.048456 4.295346 4.522168 3.952215 
0.316228 0.500000 0.509902 0.547723 0.346410 0.648074 0.458258 0.223607 0.830662 0.447214 0.547723 0.282843 0.574456 0.994987 1.095445 1.224745 0.707107 0.264575 0.818535 0.435890 0.458258 0.331662 0.774597 0.200000 0.412311 0.447214 1.000000 0.316228 0.346410 0.412311 0.412311 0.412311 0.793725 0.984886 0.447214 0.489898 0.624500 0.447214 0.806226 0.244949 0.331662 1.249000 0.728011 0.223607 0.509902 0.500000 0.458258 0.529150 0.479583 0.300000 3.827532 3.408812 3.974921 2.833725 3.580503 3.173326 3.570714 2.063977 3.552464 2.611513 2.435159 2.989983 2.925748 3.474191 2.328089 3.438023 3.184337 2.782086 3.535534 2.636285 3.612478 2.853069 3.820995 3.438023 3.210919 3.400000 3.852272 4.037326 3.296968 2.258318 2.565151 2.453569 2.657066 3.896152 3.152777 3.293934 3.714835 3.398529 2.753180 2.762245 3.061046 3.371943 2.771281 2.111871 2.901724 2.837252 2.882707 3.128898 1.808314 2.812472 5.046781 3.953479 5.094114 4.460942 4.825971 5.900000 3.304542 5.439669 4.827007 5.435071 4.135215 4.288356 4.636809 3.926831 4.153312 4.393177 4.424929 6.058052 6.295236 3.900000 4.906119 3.764306 6.018305 3.876854 4.753946 5.118594 3.741657 3.770942 4.605432 4.907138 5.349766 5.845511 4.643275 3.938274 4.341659 5.595534 4.657252 4.384062 3.655133 4.585848 4.793746 4.422669 3.953479 5.037857 4.911212 4.429447 4.038564 4.234383 4.414748 3.896152 
0.141421 0.591608 0.616441 0.721110 0.244949 0.529150 0.624500 0.223607 1.004988 0.509902 0.282843 0.424264 0.655744 1.109054 0.836660 1.048809 0.529150 0.173205 0.624500 0.331662 0.300000 0.300000 0.787401 0.424264 0.574456 0.547723 0.316228 1.000000 0.141421 0.591608 0.574456 0.300000 0.608276 0.768115 0.509902 0.469042 0.360555 0.509902 0.964365 0.141421 0.300000 1.407125 0.877496 0.458258 0.547723 0.655744 0.331662 0.678233 0.223607 0.300000 3.874274 3.495712 4.037326 2.998333 3.671512 3.309078 3.667424 2.275961 3.624914 2.800000 2.632489 3.117691 3.036445 3.584690 2.477902 3.501428 3.331666 2.898275 3.657868 2.780288 3.745664 2.959730 3.931921 3.541186 3.293934 3.472751 3.921734 4.123106 3.419064 2.387467 2.720294 2.603843 2.785678 4.024922 3.313608 3.407345 3.786819 3.502856 2.894823 2.924038 3.210919 3.479943 2.901724 2.315167 3.049590 2.964793 3.018278 3.226453 2.017424 2.951271 5.175906 4.104875 5.179768 4.576024 4.942671 5.969087 3.512834 5.510898 4.929503 5.519058 4.240283 4.405678 4.734976 4.091455 4.318565 4.514421 4.527693 6.113919 6.374167 4.033609 5.002999 3.930649 6.084406 3.996248 4.851804 5.186521 3.865230 3.896152 4.727579 4.969909 5.420332 5.884726 4.768648 4.043513 4.457578 5.663038 4.782259 4.489989 3.786819 4.676537 4.905099 4.518849 4.104875 5.140039 5.021952 4.538722 4.165333 4.343961 4.542026 4.032369 
0.141421 0.500000 0.547723 0.678233 0.282843 0.648074 0.608276 0.223607 0.943398 0.447214 0.374166 0.447214 0.574456 1.034408 0.871780 1.140175 0.583095 0.173205 0.714143 0.435890 0.360555 0.387298 0.748331 0.447214 0.640312 0.489898 0.346410 0.141421 1.000000 0.574456 0.538516 0.300000 0.714143 0.854400 0.447214 0.346410 0.331662 0.447214 0.900000 0.141421 0.264575 1.311488 0.830662 0.500000 0.678233 0.574456 0.458258 0.632456 0.331662 0.223607 3.950949 3.574913 4.113393 3.044667 3.738984 3.380828 3.751000 2.310844 3.695944 2.860070 2.655184 3.190611 3.078961 3.659235 2.541653 3.574913 3.408812 2.963106 3.706751 2.833725 3.827532 3.023243 3.994997 3.613862 3.363034 3.544009 3.989987 4.197618 3.491418 2.437212 2.767671 2.649528 2.846050 4.096340 3.391165 3.494281 3.862642 3.553871 2.969848 2.978255 3.275668 3.556684 2.959730 2.345208 3.114482 3.041381 3.090307 3.296968 2.046949 3.018278 5.260228 4.174925 5.256425 4.654031 5.020956 6.047313 3.572114 5.588381 4.998000 5.605355 4.319722 4.475489 4.810405 4.154516 4.387482 4.593474 4.606517 6.204837 6.445929 4.090232 5.082322 4.001250 6.159545 4.063250 4.935585 5.268776 3.934463 3.972405 4.801042 5.047772 5.493633 5.974111 4.841487 4.117038 4.531004 5.736724 4.867237 4.571652 3.862642 4.752894 4.981967 4.591296 4.174925 5.221111 5.102940 4.610857 4.227292 4.419276 4.627094 4.110961 
