
---	Treino para o 0-fold	---
Max epochs   100000. Desired error: 0.0010000000.
Epochs            1. Current error: 0.2246736735. Bit fail 1934.
Epochs           49. Current error: 0.0009942378. Bit fail 2.

---	Treino para o 1-fold	---
Max epochs   100000. Desired error: 0.0010000000.
Epochs            1. Current error: 0.0007546968. Bit fail 0.

---	Treino para o 2-fold	---
Max epochs   100000. Desired error: 0.0010000000.
Epochs            1. Current error: 0.0008263399. Bit fail 1.

---	Treino para o 3-fold	---
Max epochs   100000. Desired error: 0.0010000000.
Epochs            1. Current error: 0.0005909788. Bit fail 1.

---	Treino para o 4-fold	---
Max epochs   100000. Desired error: 0.0010000000.
Epochs            1. Current error: 0.0004255038. Bit fail 0.

---	Treino para o 5-fold	---
Max epochs   100000. Desired error: 0.0010000000.
Epochs            1. Current error: 0.0002436825. Bit fail 0.

---	Treino para o 6-fold	---
Max epochs   100000. Desired error: 0.0010000000.
Epochs            1. Current error: 0.0002249956. Bit fail 0.

---	Treino para o 7-fold	---
Max epochs   100000. Desired error: 0.0010000000.
Epochs            1. Current error: 0.0001831384. Bit fail 0.

---	Treino para o 8-fold	---
Max epochs   100000. Desired error: 0.0010000000.
Epochs            1. Current error: 0.0001782993. Bit fail 0.

---	Treino para o 9-fold	---
Max epochs   100000. Desired error: 0.0010000000.
Epochs            1. Current error: 0.0001441304. Bit fail 0.



>>>	ACURACIA: 0.011347
>>>	Hidden neurons: 7

1 0.000144 0.000346 0.000573 0.006148 0.000565 0.000474 0.000487 0.000148 0.000132 0.000578 0.000466 0.000500 0.000257 0.000583 0.000501 0.000481 0.000241 0.000595 0.002495 0.004253 0.005005 0.000210 0.000355 0.002667 0.002651 0.000351 0.000468 0.001251 0.000229 0.000482 0.000579 0.000500 0.000434 0.000102 0.001213 0.001828 0.000122 0.000309 0.005090 0.003772 0.000217 0.000098 0.010220 0.001754 0.000044 0.000034 0.000526 0.000037 0.000459 0.000255 0.000454 0.000359 0.000539 0.000033 0.000202 0.000617 0.000464 0.000482 0.041238 0.010918 0.060148 0.015931 0.072332 0.117539 0.010233 0.041382 0.040462 0.006074 0.007324 0.002183 0.076566 0.051230 0.000390 0.001816 0.072427 0.094776 0.041643 0.005649 0.051958 0.211035 0.008184 0.016197 0.037229 0.035768 0.060754 0.043250 0.026256 0.010935 0.017461 0.050807 0.062106 0.044904 0.194306 0.127616 0.000835 0.015174 0.072188 0.011723 0.081253 0.008510 0.027855 0.065045 0.081417 0.011821 0.161954 0.040245 0.033698 0.119827 0.007899 0.018641 0.107659 0.013388 0.050539 0.071434 0.062320 0.033729 0.089676 0.081126 0.020091 0.012025 0.032567 0.075690 0.070485 0.072615 0.074804 0.086624 0.037363 0.093730 0.017381 0.010879 0.023381 0.018746 0.013728 0.010481 0.007048 0.005839 0.026135 0.017049 0.015198 0.014605 0.003632 0.025656 0.020824 0.001694 0.002227 0.057097 0.011903 0.009588 0.018763 0.025998 0.031552 0.046578 0.007756 0.010521 0.005260 0.033869 0.001309 0.008099 0.011724 0.025992 0.007504 0.017472 0.007991 0.012454 0.025711 0.006173 0.007479 0.004097 0.010236 0.040220 0.053446 0.012421 0.006664 0.005911 0.002747 0.002639 0.025550 
0.000144 1 0.000490 0.000717 0.006005 0.000709 0.000618 0.000631 0.000005 0.000014 0.000721 0.000610 0.000644 0.000401 0.000727 0.000645 0.000625 0.000384 0.000739 0.002351 0.004110 0.004861 0.000066 0.000211 0.002523 0.002508 0.000495 0.000612 0.001107 0.000086 0.000626 0.000723 0.000356 0.000578 0.000246 0.001069 0.001684 0.000266 0.000166 0.004946 0.003629 0.000073 0.000241 0.010076 0.001610 0.000188 0.000111 0.000382 0.000107 0.000603 0.000399 0.000597 0.000503 0.000683 0.000111 0.000346 0.000473 0.000608 0.000626 0.041098 0.010775 0.060007 0.015788 0.072190 0.117398 0.010090 0.041239 0.040320 0.005931 0.007182 0.002040 0.076424 0.051089 0.000246 0.001672 0.072286 0.094635 0.041502 0.005506 0.051816 0.210895 0.008041 0.016054 0.037087 0.035626 0.060612 0.043108 0.026114 0.010792 0.017318 0.050666 0.061965 0.044762 0.194165 0.127475 0.000692 0.015032 0.072047 0.011579 0.081111 0.008367 0.027713 0.064904 0.081276 0.011678 0.161814 0.040102 0.033557 0.119684 0.007759 0.018500 0.107517 0.013247 0.050397 0.071292 0.062178 0.033587 0.089534 0.080984 0.019950 0.011884 0.032426 0.075548 0.070343 0.072474 0.074662 0.086483 0.037222 0.093588 0.017240 0.010738 0.023240 0.018605 0.013588 0.010340 0.006907 0.005699 0.025993 0.016908 0.015057 0.014464 0.003493 0.025515 0.020683 0.001557 0.002089 0.056955 0.011763 0.009448 0.018622 0.025857 0.031411 0.046437 0.007616 0.010380 0.005120 0.033728 0.001173 0.007960 0.011583 0.025850 0.007364 0.017331 0.007851 0.012314 0.025570 0.006034 0.007338 0.003958 0.010096 0.040079 0.053305 0.012278 0.006521 0.005768 0.002604 0.002497 0.025409 
0.000346 0.000490 1 0.000227 0.006494 0.000220 0.000128 0.000142 0.000493 0.000478 0.000232 0.000120 0.000154 0.000089 0.000237 0.000155 0.000135 0.000105 0.000249 0.002841 0.004599 0.005350 0.000555 0.000700 0.003013 0.002997 0.000005 0.000123 0.001597 0.000575 0.000136 0.000233 0.000846 0.000089 0.000244 0.001559 0.002174 0.000224 0.000655 0.005435 0.004118 0.000563 0.000249 0.010564 0.002100 0.000302 0.000379 0.000872 0.000383 0.000113 0.000090 0.000108 0.000014 0.000193 0.000379 0.000144 0.000963 0.000118 0.000136 0.041578 0.011261 0.060488 0.016274 0.072675 0.117877 0.010578 0.041726 0.040804 0.006418 0.007666 0.002528 0.076908 0.051572 0.000735 0.002161 0.072767 0.095116 0.041984 0.005993 0.052300 0.211373 0.008529 0.016540 0.037571 0.036111 0.061094 0.043591 0.026598 0.011279 0.017804 0.051149 0.062446 0.045245 0.194644 0.127955 0.001180 0.015515 0.072530 0.012068 0.081595 0.008855 0.028197 0.065387 0.081757 0.012165 0.162292 0.040587 0.034037 0.120168 0.008235 0.018980 0.107999 0.013726 0.050880 0.071774 0.062662 0.034069 0.090017 0.081466 0.020430 0.012363 0.032903 0.076030 0.070823 0.072955 0.075144 0.086964 0.037703 0.094070 0.017719 0.011216 0.023719 0.019085 0.014066 0.010819 0.007385 0.006177 0.026474 0.017387 0.015537 0.014943 0.003966 0.025994 0.021161 0.002027 0.002560 0.057436 0.012241 0.009925 0.019101 0.026336 0.031891 0.046918 0.008093 0.010859 0.005596 0.034207 0.001640 0.008434 0.012060 0.026331 0.007840 0.017811 0.008328 0.012791 0.026050 0.006509 0.007815 0.004431 0.010573 0.040559 0.053785 0.012763 0.007007 0.006254 0.003090 0.002983 0.025892 
0.000573 0.000717 0.000227 1 0.006719 0.000007 0.000099 0.000085 0.000720 0.000705 0.000005 0.000107 0.000073 0.000316 0.000010 0.000072 0.000092 0.000332 0.000022 0.003067 0.004824 0.005575 0.000782 0.000927 0.003239 0.003223 0.000222 0.000104 0.001824 0.000801 0.000091 0.000006 0.001073 0.000138 0.000470 0.001785 0.002400 0.000451 0.000882 0.005661 0.004344 0.000789 0.000476 0.010789 0.002326 0.000528 0.000606 0.001099 0.000610 0.000114 0.000317 0.000119 0.000214 0.000034 0.000605 0.000370 0.001189 0.000109 0.000091 0.041797 0.011484 0.060708 0.016497 0.072897 0.118096 0.010803 0.041949 0.041026 0.006642 0.007889 0.002753 0.077130 0.051793 0.000962 0.002387 0.072987 0.095336 0.042204 0.006217 0.052522 0.211591 0.008755 0.016764 0.037792 0.036333 0.061315 0.043813 0.026821 0.011503 0.018027 0.051370 0.062666 0.045466 0.194862 0.128175 0.001405 0.015737 0.072752 0.012294 0.081817 0.009079 0.028418 0.065608 0.081976 0.012389 0.162510 0.040809 0.034262 0.120394 0.008459 0.019205 0.108225 0.013950 0.051106 0.072000 0.062888 0.034295 0.090243 0.081692 0.020655 0.012587 0.033127 0.076256 0.071048 0.073180 0.075370 0.087189 0.037928 0.094296 0.017944 0.011441 0.023944 0.019309 0.014291 0.011044 0.007609 0.006401 0.026700 0.017611 0.015761 0.015168 0.004190 0.026219 0.021386 0.002251 0.002783 0.057661 0.012465 0.010149 0.019326 0.026561 0.032116 0.047143 0.008317 0.011084 0.005819 0.034432 0.001863 0.008657 0.012284 0.026557 0.008064 0.018036 0.008553 0.013015 0.026274 0.006733 0.008040 0.004655 0.010797 0.040779 0.054004 0.012986 0.007230 0.006477 0.003314 0.003207 0.026113 
0.006148 0.006005 0.006494 0.006719 1 0.006712 0.006621 0.006634 0.006001 0.006017 0.006724 0.006613 0.006647 0.006406 0.006729 0.006648 0.006628 0.006389 0.006741 0.003656 0.001897 0.001144 0.005940 0.005794 0.003483 0.003498 0.006498 0.006615 0.004899 0.005919 0.006629 0.006725 0.005649 0.006581 0.006250 0.004938 0.004322 0.006270 0.005839 0.001060 0.002379 0.005932 0.006246 0.004073 0.004396 0.006193 0.006116 0.005624 0.006111 0.006606 0.006404 0.006601 0.006507 0.006685 0.006116 0.006350 0.005532 0.006611 0.006629 0.035153 0.004797 0.054051 0.009799 0.066203 0.111453 0.004085 0.035242 0.034337 0.000266 0.001292 0.003967 0.070439 0.045115 0.005759 0.004333 0.066332 0.088677 0.035541 0.000561 0.045833 0.204961 0.002036 0.010062 0.031110 0.029637 0.054643 0.037134 0.020129 0.004796 0.011326 0.044695 0.056007 0.038790 0.188226 0.121521 0.005314 0.009067 0.066068 0.005575 0.075129 0.002372 0.021738 0.058931 0.075322 0.005683 0.155879 0.034118 0.027823 0.113839 0.002767 0.012812 0.101698 0.007680 0.044590 0.065491 0.056344 0.027812 0.083710 0.075169 0.014255 0.006379 0.026744 0.069744 0.064579 0.066683 0.068863 0.080698 0.031457 0.087776 0.011593 0.005287 0.017539 0.012940 0.008011 0.004885 0.002139 0.001801 0.020247 0.011278 0.009430 0.008859 0.002975 0.019808 0.015024 0.004606 0.004138 0.051179 0.006255 0.004138 0.012972 0.020167 0.025666 0.040662 0.002645 0.004905 0.002002 0.028007 0.004967 0.003020 0.006135 0.020110 0.002501 0.011665 0.002777 0.006826 0.019868 0.001945 0.002424 0.002653 0.004731 0.034131 0.047361 0.006305 0.000642 0.000419 0.003409 0.003516 0.019442 
0.000565 0.000709 0.000220 0.000007 0.006712 1 0.000091 0.000078 0.000713 0.000697 0.000012 0.000099 0.000065 0.000309 0.000018 0.000064 0.000084 0.000325 0.000030 0.003060 0.004817 0.005568 0.000775 0.000920 0.003232 0.003215 0.000215 0.000097 0.001816 0.000794 0.000084 0.000014 0.001065 0.000131 0.000463 0.001778 0.002392 0.000443 0.000874 0.005653 0.004337 0.000782 0.000469 0.010782 0.002319 0.000521 0.000598 0.001092 0.000603 0.000107 0.000310 0.000112 0.000206 0.000027 0.000598 0.000363 0.001182 0.000102 0.000084 0.041790 0.011477 0.060701 0.016490 0.072890 0.118089 0.010795 0.041942 0.041019 0.006635 0.007882 0.002745 0.077123 0.051786 0.000954 0.002380 0.072980 0.095329 0.042197 0.006210 0.052515 0.211584 0.008747 0.016756 0.037785 0.036326 0.061308 0.043805 0.026814 0.011496 0.018020 0.051362 0.062659 0.045459 0.194855 0.128168 0.001398 0.015730 0.072744 0.012286 0.081810 0.009072 0.028411 0.065601 0.081969 0.012382 0.162503 0.040802 0.034255 0.120387 0.008451 0.019198 0.108218 0.013943 0.051098 0.071992 0.062880 0.034287 0.090235 0.081685 0.020648 0.012580 0.033120 0.076248 0.071041 0.073173 0.075362 0.087181 0.037921 0.094288 0.017936 0.011433 0.023937 0.019302 0.014284 0.011036 0.007602 0.006394 0.026692 0.017604 0.015754 0.015160 0.004182 0.026212 0.021378 0.002243 0.002776 0.057654 0.012458 0.010142 0.019318 0.026553 0.032109 0.047136 0.008309 0.011076 0.005812 0.034425 0.001856 0.008650 0.012277 0.026549 0.008057 0.018029 0.008545 0.013007 0.026267 0.006725 0.008032 0.004647 0.010789 0.040772 0.053997 0.012979 0.007223 0.006470 0.003307 0.003200 0.026106 
0.000474 0.000618 0.000128 0.000099 0.006621 0.000091 1 0.000013 0.000622 0.000606 0.000104 0.000008 0.000026 0.000217 0.000109 0.000027 0.000007 0.000234 0.000121 0.002969 0.004726 0.005477 0.000684 0.000828 0.003141 0.003125 0.000124 0.000006 0.001725 0.000703 0.000008 0.000105 0.000974 0.000040 0.000372 0.001687 0.002302 0.000352 0.000783 0.005563 0.004246 0.000691 0.000377 0.010691 0.002228 0.000430 0.000507 0.001000 0.000511 0.000016 0.000219 0.000021 0.000115 0.000065 0.000507 0.000272 0.001091 0.000011 0.000008 0.041702 0.011387 0.060612 0.016400 0.072800 0.118001 0.010705 0.041852 0.040930 0.006545 0.007792 0.002655 0.077033 0.051697 0.000863 0.002289 0.072891 0.095241 0.042108 0.006120 0.052425 0.211496 0.008657 0.016667 0.037696 0.036237 0.061219 0.043716 0.026724 0.011405 0.017930 0.051273 0.062570 0.045370 0.194767 0.128079 0.001307 0.015641 0.072655 0.012196 0.081721 0.008982 0.028322 0.065512 0.081881 0.012292 0.162415 0.040713 0.034164 0.120296 0.008361 0.019108 0.108127 0.013853 0.051008 0.071902 0.062789 0.034197 0.090145 0.081594 0.020557 0.012490 0.033030 0.076158 0.070951 0.073082 0.075272 0.087091 0.037830 0.094198 0.017846 0.011343 0.023846 0.019212 0.014193 0.010946 0.007512 0.006303 0.026602 0.017514 0.015664 0.015070 0.004093 0.026121 0.021288 0.002153 0.002686 0.057563 0.012368 0.010052 0.019228 0.026463 0.032019 0.047045 0.008219 0.010986 0.005722 0.034335 0.001766 0.008560 0.012187 0.026459 0.007967 0.017938 0.008455 0.012917 0.026177 0.006635 0.007942 0.004558 0.010699 0.040684 0.053909 0.012889 0.007133 0.006380 0.003217 0.003110 0.026017 
0.000487 0.000631 0.000142 0.000085 0.006634 0.000078 0.000013 1 0.000635 0.000619 0.000090 0.000021 0.000013 0.000231 0.000096 0.000014 0.000006 0.000247 0.000108 0.002982 0.004739 0.005490 0.000697 0.000842 0.003154 0.003138 0.000137 0.000019 0.001738 0.000716 0.000006 0.000092 0.000987 0.000053 0.000385 0.001700 0.002315 0.000365 0.000797 0.005576 0.004259 0.000704 0.000391 0.010704 0.002241 0.000443 0.000520 0.001014 0.000525 0.000029 0.000232 0.000034 0.000128 0.000051 0.000520 0.000285 0.001104 0.000024 0.000007 0.041714 0.011400 0.060625 0.016413 0.072813 0.118014 0.010718 0.041865 0.040942 0.006558 0.007805 0.002668 0.077046 0.051709 0.000876 0.002302 0.072904 0.095253 0.042121 0.006133 0.052438 0.211509 0.008670 0.016679 0.037709 0.036249 0.061232 0.043729 0.026737 0.011418 0.017943 0.051286 0.062583 0.045383 0.194780 0.128092 0.001320 0.015653 0.072668 0.012209 0.081734 0.008995 0.028335 0.065524 0.081893 0.012305 0.162428 0.040725 0.034178 0.120309 0.008375 0.019121 0.108140 0.013866 0.051021 0.071915 0.062803 0.034210 0.090158 0.081607 0.020570 0.012503 0.033043 0.076171 0.070964 0.073096 0.075285 0.087104 0.037843 0.094211 0.017859 0.011356 0.023860 0.019225 0.014207 0.010959 0.007525 0.006317 0.026615 0.017527 0.015677 0.015083 0.004106 0.026134 0.021301 0.002166 0.002699 0.057577 0.012381 0.010065 0.019241 0.026476 0.032032 0.047058 0.008233 0.010999 0.005735 0.034348 0.001779 0.008573 0.012200 0.026472 0.007980 0.017951 0.008468 0.012931 0.026190 0.006649 0.007955 0.004571 0.010712 0.040696 0.053921 0.012902 0.007146 0.006393 0.003230 0.003123 0.026029 
0.000148 0.000005 0.000493 0.000720 0.006001 0.000713 0.000622 0.000635 1 0.000016 0.000725 0.000614 0.000648 0.000405 0.000731 0.000649 0.000629 0.000388 0.000742 0.002348 0.004106 0.004858 0.000062 0.000207 0.002520 0.002504 0.000498 0.000616 0.001104 0.000082 0.000629 0.000726 0.000353 0.000582 0.000250 0.001065 0.001680 0.000270 0.000162 0.004943 0.003625 0.000069 0.000245 0.010073 0.001607 0.000192 0.000115 0.000379 0.000110 0.000606 0.000403 0.000601 0.000507 0.000686 0.000115 0.000350 0.000469 0.000611 0.000629 0.041095 0.010772 0.060004 0.015785 0.072187 0.117395 0.010086 0.041236 0.040317 0.005928 0.007179 0.002037 0.076420 0.051085 0.000243 0.001669 0.072283 0.094632 0.041499 0.005503 0.051813 0.210892 0.008038 0.016051 0.037084 0.035622 0.060609 0.043105 0.026110 0.010788 0.017315 0.050663 0.061962 0.044759 0.194163 0.127472 0.000689 0.015029 0.072043 0.011575 0.081108 0.008364 0.027710 0.064901 0.081273 0.011675 0.161811 0.040099 0.033553 0.119680 0.007754 0.018496 0.107513 0.013243 0.050393 0.071288 0.062174 0.033583 0.089530 0.080980 0.019946 0.011880 0.032422 0.075544 0.070339 0.072469 0.074658 0.086478 0.037217 0.093583 0.017235 0.010734 0.023235 0.018601 0.013583 0.010336 0.006903 0.005695 0.025989 0.016904 0.015053 0.014459 0.003489 0.025510 0.020678 0.001552 0.002084 0.056951 0.011758 0.009443 0.018618 0.025853 0.031406 0.046432 0.007612 0.010375 0.005116 0.033724 0.001168 0.007956 0.011579 0.025846 0.007360 0.017327 0.007847 0.012309 0.025566 0.006029 0.007334 0.003954 0.010091 0.040076 0.053302 0.012275 0.006518 0.005765 0.002601 0.002494 0.025406 
0.000132 0.000014 0.000478 0.000705 0.006017 0.000697 0.000606 0.000619 0.000016 1 0.000710 0.000598 0.000632 0.000389 0.000715 0.000633 0.000613 0.000373 0.000727 0.002363 0.004122 0.004874 0.000078 0.000223 0.002536 0.002520 0.000483 0.000600 0.001120 0.000098 0.000614 0.000711 0.000369 0.000566 0.000235 0.001081 0.001696 0.000254 0.000178 0.004958 0.003641 0.000085 0.000229 0.010089 0.001623 0.000177 0.000099 0.000394 0.000095 0.000591 0.000387 0.000586 0.000491 0.000671 0.000100 0.000334 0.000485 0.000596 0.000614 0.041111 0.010788 0.060020 0.015801 0.072203 0.117411 0.010102 0.041252 0.040332 0.005944 0.007195 0.002053 0.076436 0.051101 0.000259 0.001685 0.072299 0.094648 0.041515 0.005519 0.051828 0.210908 0.008053 0.016067 0.037100 0.035638 0.060625 0.043121 0.026126 0.010804 0.017331 0.050679 0.061978 0.044775 0.194179 0.127488 0.000704 0.015044 0.072059 0.011591 0.081124 0.008380 0.027726 0.064917 0.081289 0.011691 0.161827 0.040115 0.033568 0.119695 0.007769 0.018510 0.107527 0.013257 0.050408 0.071303 0.062188 0.033598 0.089545 0.080994 0.019960 0.011895 0.032436 0.075559 0.070354 0.072484 0.074673 0.086493 0.037232 0.093598 0.017250 0.010748 0.023250 0.018616 0.013598 0.010351 0.006917 0.005709 0.026003 0.016918 0.015067 0.014474 0.003503 0.025525 0.020693 0.001566 0.002098 0.056966 0.011773 0.009458 0.018633 0.025868 0.031421 0.046447 0.007626 0.010390 0.005130 0.033739 0.001182 0.007970 0.011593 0.025861 0.007374 0.017342 0.007861 0.012324 0.025581 0.006044 0.007348 0.003968 0.010106 0.040092 0.053318 0.012291 0.006534 0.005781 0.002617 0.002509 0.025422 
0.000578 0.000721 0.000232 0.000005 0.006724 0.000012 0.000104 0.000090 0.000725 0.000710 1 0.000112 0.000078 0.000321 0.000005 0.000077 0.000097 0.000337 0.000017 0.003072 0.004829 0.005580 0.000787 0.000932 0.003244 0.003228 0.000227 0.000109 0.001829 0.000806 0.000096 0.000001 0.001078 0.000143 0.000475 0.001790 0.002405 0.000455 0.000887 0.005666 0.004349 0.000794 0.000481 0.010794 0.002331 0.000533 0.000611 0.001104 0.000615 0.000119 0.000322 0.000124 0.000219 0.000039 0.000610 0.000375 0.001194 0.000114 0.000096 0.041802 0.011489 0.060713 0.016502 0.072902 0.118101 0.010808 0.041954 0.041031 0.006647 0.007894 0.002758 0.077135 0.051798 0.000967 0.002392 0.072991 0.095341 0.042209 0.006222 0.052527 0.211596 0.008759 0.016769 0.037797 0.036338 0.061320 0.043817 0.026826 0.011508 0.018032 0.051374 0.062671 0.045471 0.194867 0.128180 0.001410 0.015742 0.072756 0.012298 0.081822 0.009084 0.028423 0.065612 0.081981 0.012394 0.162515 0.040814 0.034267 0.120399 0.008464 0.019210 0.108230 0.013955 0.051111 0.072005 0.062892 0.034300 0.090248 0.081697 0.020660 0.012592 0.033132 0.076261 0.071053 0.073185 0.075375 0.087194 0.037933 0.094301 0.017949 0.011445 0.023949 0.019314 0.014296 0.011049 0.007614 0.006406 0.026705 0.017616 0.015766 0.015173 0.004195 0.026224 0.021391 0.002255 0.002788 0.057666 0.012470 0.010154 0.019331 0.026566 0.032121 0.047148 0.008322 0.011089 0.005824 0.034437 0.001868 0.008662 0.012289 0.026562 0.008069 0.018041 0.008558 0.013020 0.026279 0.006738 0.008045 0.004660 0.010802 0.040784 0.054009 0.012991 0.007235 0.006482 0.003319 0.003212 0.026118 
0.000466 0.000610 0.000120 0.000107 0.006613 0.000099 0.000008 0.000021 0.000614 0.000598 0.000112 1 0.000034 0.000209 0.000117 0.000035 0.000015 0.000226 0.000129 0.002961 0.004718 0.005470 0.000676 0.000820 0.003133 0.003117 0.000116 0.000002 0.001717 0.000695 0.000016 0.000113 0.000966 0.000032 0.000364 0.001679 0.002294 0.000344 0.000775 0.005555 0.004238 0.000683 0.000370 0.010683 0.002220 0.000422 0.000499 0.000993 0.000503 0.000008 0.000211 0.000013 0.000107 0.000073 0.000499 0.000264 0.001083 0.000004 0.000016 0.041694 0.011379 0.060605 0.016393 0.072793 0.117993 0.010697 0.041844 0.040922 0.006537 0.007784 0.002647 0.077026 0.051689 0.000855 0.002281 0.072883 0.095233 0.042101 0.006112 0.052418 0.211488 0.008649 0.016659 0.037688 0.036229 0.061211 0.043708 0.026716 0.011398 0.017922 0.051266 0.062562 0.045362 0.194760 0.128072 0.001299 0.015633 0.072647 0.012188 0.081713 0.008974 0.028314 0.065504 0.081873 0.012284 0.162407 0.040705 0.034157 0.120288 0.008354 0.019100 0.108119 0.013845 0.051000 0.071894 0.062781 0.034189 0.090137 0.081586 0.020550 0.012482 0.033022 0.076150 0.070943 0.073075 0.075264 0.087083 0.037822 0.094190 0.017838 0.011335 0.023839 0.019204 0.014186 0.010938 0.007504 0.006296 0.026594 0.017506 0.015656 0.015062 0.004085 0.026114 0.021280 0.002146 0.002678 0.057556 0.012360 0.010044 0.019221 0.026455 0.032011 0.047037 0.008212 0.010978 0.005714 0.034327 0.001758 0.008552 0.012179 0.026451 0.007959 0.017931 0.008448 0.012910 0.026169 0.006628 0.007934 0.004550 0.010692 0.040676 0.053901 0.012881 0.007126 0.006372 0.003209 0.003102 0.026009 
0.000500 0.000644 0.000154 0.000073 0.006647 0.000065 0.000026 0.000013 0.000648 0.000632 0.000078 0.000034 1 0.000243 0.000083 0.000001 0.000019 0.000260 0.000095 0.002995 0.004752 0.005503 0.000710 0.000855 0.003167 0.003151 0.000150 0.000032 0.001751 0.000729 0.000019 0.000079 0.001000 0.000066 0.000398 0.001713 0.002328 0.000378 0.000809 0.005589 0.004272 0.000717 0.000404 0.010717 0.002254 0.000456 0.000533 0.001027 0.000537 0.000042 0.000245 0.000047 0.000141 0.000039 0.000533 0.000298 0.001117 0.000037 0.000019 0.041727 0.011413 0.060638 0.016426 0.072826 0.118026 0.010731 0.041878 0.040955 0.006571 0.007818 0.002681 0.077059 0.051722 0.000889 0.002315 0.072917 0.095266 0.042134 0.006146 0.052451 0.211522 0.008683 0.016692 0.037722 0.036262 0.061245 0.043742 0.026750 0.011431 0.017956 0.051299 0.062596 0.045396 0.194793 0.128105 0.001333 0.015666 0.072681 0.012222 0.081747 0.009008 0.028348 0.065537 0.081906 0.012318 0.162440 0.040738 0.034190 0.120322 0.008387 0.019133 0.108153 0.013878 0.051033 0.071928 0.062815 0.034223 0.090170 0.081620 0.020583 0.012515 0.033056 0.076184 0.070976 0.073108 0.075298 0.087117 0.037856 0.094223 0.017872 0.011369 0.023872 0.019238 0.014219 0.010972 0.007537 0.006329 0.026627 0.017539 0.015690 0.015096 0.004118 0.026147 0.021314 0.002179 0.002711 0.057589 0.012394 0.010077 0.019254 0.026489 0.032044 0.047071 0.008245 0.011012 0.005748 0.034360 0.001791 0.008585 0.012212 0.026484 0.007992 0.017964 0.008481 0.012943 0.026202 0.006661 0.007968 0.004583 0.010725 0.040709 0.053934 0.012915 0.007159 0.006406 0.003243 0.003136 0.026042 
0.000257 0.000401 0.000089 0.000316 0.006406 0.000309 0.000217 0.000231 0.000405 0.000389 0.000321 0.000209 0.000243 1 0.000326 0.000244 0.000224 0.000017 0.000338 0.002752 0.004510 0.005262 0.000467 0.000612 0.002924 0.002909 0.000094 0.000212 0.001509 0.000486 0.000225 0.000322 0.000758 0.000178 0.000155 0.001470 0.002085 0.000135 0.000567 0.005347 0.004030 0.000474 0.000160 0.010477 0.002011 0.000213 0.000290 0.000783 0.000295 0.000202 0.000005 0.000197 0.000102 0.000282 0.000290 0.000056 0.000874 0.000207 0.000225 0.041492 0.011174 0.060402 0.016187 0.072588 0.117792 0.010490 0.041638 0.040717 0.006331 0.007580 0.002440 0.076821 0.051485 0.000647 0.002073 0.072681 0.095031 0.041898 0.005906 0.052213 0.211288 0.008442 0.016453 0.037484 0.036024 0.061008 0.043505 0.026512 0.011191 0.017717 0.051062 0.062360 0.045159 0.194559 0.127870 0.001092 0.015429 0.072444 0.011980 0.081509 0.008767 0.028110 0.065300 0.081671 0.012078 0.162207 0.040500 0.033949 0.120080 0.008147 0.018892 0.107911 0.013637 0.050791 0.071686 0.062573 0.033981 0.089928 0.081378 0.020342 0.012274 0.032815 0.075942 0.070735 0.072866 0.075056 0.086875 0.037614 0.093981 0.017631 0.011128 0.023631 0.018996 0.013978 0.010731 0.007296 0.006088 0.026386 0.017298 0.015448 0.014854 0.003878 0.025906 0.021073 0.001939 0.002472 0.057348 0.012153 0.009837 0.019013 0.026248 0.031803 0.046829 0.008005 0.010771 0.005507 0.034119 0.001552 0.008346 0.011972 0.026243 0.007752 0.017723 0.008240 0.012703 0.025961 0.006421 0.007727 0.004343 0.010484 0.040474 0.053699 0.012676 0.006920 0.006167 0.003003 0.002896 0.025805 
0.000583 0.000727 0.000237 0.000010 0.006729 0.000018 0.000109 0.000096 0.000731 0.000715 0.000005 0.000117 0.000083 0.000326 1 0.000082 0.000102 0.000343 0.000012 0.003077 0.004835 0.005586 0.000793 0.000937 0.003249 0.003233 0.000233 0.000115 0.001834 0.000812 0.000102 0.000004 0.001083 0.000149 0.000481 0.001795 0.002410 0.000461 0.000892 0.005671 0.004354 0.000800 0.000487 0.010799 0.002336 0.000539 0.000616 0.001109 0.000620 0.000125 0.000328 0.000130 0.000224 0.000044 0.000616 0.000381 0.001200 0.000120 0.000102 0.041807 0.011494 0.060718 0.016508 0.072907 0.118106 0.010813 0.041959 0.041036 0.006652 0.007899 0.002763 0.077140 0.051803 0.000972 0.002397 0.072997 0.095346 0.042214 0.006227 0.052532 0.211601 0.008765 0.016774 0.037802 0.036344 0.061325 0.043823 0.026831 0.011513 0.018038 0.051380 0.062676 0.045476 0.194872 0.128185 0.001416 0.015747 0.072762 0.012304 0.081827 0.009089 0.028428 0.065618 0.081986 0.012399 0.162520 0.040819 0.034272 0.120405 0.008469 0.019216 0.108235 0.013961 0.051116 0.072010 0.062898 0.034305 0.090253 0.081702 0.020665 0.012597 0.033138 0.076266 0.071059 0.073191 0.075380 0.087199 0.037938 0.094306 0.017954 0.011451 0.023954 0.019320 0.014301 0.011054 0.007619 0.006411 0.026710 0.017622 0.015772 0.015178 0.004200 0.026229 0.021396 0.002261 0.002793 0.057672 0.012476 0.010159 0.019336 0.026571 0.032127 0.047153 0.008327 0.011094 0.005830 0.034442 0.001873 0.008667 0.012294 0.026567 0.008075 0.018046 0.008563 0.013025 0.026285 0.006743 0.008050 0.004665 0.010807 0.040789 0.054014 0.012996 0.007241 0.006488 0.003324 0.003217 0.026123 
0.000501 0.000645 0.000155 0.000072 0.006648 0.000064 0.000027 0.000014 0.000649 0.000633 0.000077 0.000035 0.000001 0.000244 0.000082 1 0.000020 0.000261 0.000094 0.002996 0.004753 0.005504 0.000711 0.000855 0.003168 0.003151 0.000150 0.000033 0.001752 0.000730 0.000019 0.000078 0.001001 0.000067 0.000399 0.001713 0.002328 0.000379 0.000810 0.005589 0.004273 0.000718 0.000404 0.010718 0.002255 0.000457 0.000534 0.001027 0.000538 0.000042 0.000246 0.000048 0.000142 0.000038 0.000534 0.000299 0.001118 0.000037 0.000020 0.041728 0.011414 0.060639 0.016427 0.072827 0.118027 0.010732 0.041879 0.040956 0.006572 0.007819 0.002682 0.077060 0.051723 0.000890 0.002316 0.072917 0.095267 0.042135 0.006146 0.052452 0.211522 0.008683 0.016693 0.037722 0.036263 0.061246 0.043743 0.026751 0.011432 0.017957 0.051300 0.062596 0.045397 0.194793 0.128106 0.001334 0.015667 0.072682 0.012222 0.081747 0.009008 0.028348 0.065538 0.081907 0.012318 0.162441 0.040739 0.034191 0.120323 0.008388 0.019134 0.108154 0.013879 0.051034 0.071928 0.062816 0.034224 0.090171 0.081621 0.020584 0.012516 0.033057 0.076185 0.070977 0.073109 0.075298 0.087117 0.037857 0.094224 0.017873 0.011370 0.023873 0.019238 0.014220 0.010973 0.007538 0.006330 0.026628 0.017540 0.015690 0.015096 0.004119 0.026148 0.021315 0.002180 0.002712 0.057590 0.012394 0.010078 0.019255 0.026490 0.032045 0.047072 0.008246 0.011013 0.005748 0.034361 0.001792 0.008586 0.012213 0.026485 0.007993 0.017965 0.008482 0.012944 0.026203 0.006662 0.007969 0.004584 0.010726 0.040710 0.053935 0.012916 0.007160 0.006407 0.003243 0.003136 0.026043 
0.000481 0.000625 0.000135 0.000092 0.006628 0.000084 0.000007 0.000006 0.000629 0.000613 0.000097 0.000015 0.000019 0.000224 0.000102 0.000020 1 0.000241 0.000114 0.002976 0.004733 0.005484 0.000691 0.000835 0.003148 0.003132 0.000131 0.000013 0.001732 0.000710 0.000001 0.000098 0.000981 0.000047 0.000379 0.001694 0.002309 0.000359 0.000790 0.005570 0.004253 0.000698 0.000384 0.010698 0.002235 0.000437 0.000514 0.001007 0.000518 0.000022 0.000226 0.000028 0.000122 0.000058 0.000514 0.000279 0.001098 0.000018 0.000002 0.041709 0.011394 0.060619 0.016407 0.072807 0.118008 0.010712 0.041859 0.040937 0.006552 0.007799 0.002662 0.077040 0.051704 0.000870 0.002296 0.072898 0.095248 0.042115 0.006127 0.052432 0.211503 0.008664 0.016674 0.037703 0.036244 0.061226 0.043723 0.026731 0.011412 0.017937 0.051280 0.062577 0.045377 0.194774 0.128086 0.001314 0.015648 0.072662 0.012203 0.081728 0.008989 0.028329 0.065519 0.081888 0.012299 0.162422 0.040719 0.034171 0.120303 0.008368 0.019114 0.108134 0.013859 0.051014 0.071909 0.062796 0.034204 0.090151 0.081601 0.020564 0.012496 0.033037 0.076165 0.070957 0.073089 0.075279 0.087098 0.037837 0.094204 0.017853 0.011350 0.023853 0.019219 0.014200 0.010953 0.007518 0.006310 0.026608 0.017520 0.015671 0.015077 0.004099 0.026128 0.021295 0.002160 0.002693 0.057570 0.012375 0.010058 0.019235 0.026470 0.032025 0.047052 0.008226 0.010993 0.005729 0.034341 0.001773 0.008567 0.012193 0.026466 0.007974 0.017945 0.008462 0.012924 0.026183 0.006642 0.007949 0.004564 0.010706 0.040691 0.053915 0.012896 0.007140 0.006387 0.003224 0.003117 0.026024 
0.000241 0.000384 0.000105 0.000332 0.006389 0.000325 0.000234 0.000247 0.000388 0.000373 0.000337 0.000226 0.000260 0.000017 0.000343 0.000261 0.000241 1 0.000354 0.002736 0.004494 0.005245 0.000450 0.000595 0.002908 0.002892 0.000110 0.000228 0.001492 0.000470 0.000241 0.000339 0.000741 0.000194 0.000138 0.001453 0.002068 0.000119 0.000550 0.005330 0.004013 0.000457 0.000144 0.010460 0.001995 0.000196 0.000274 0.000767 0.000278 0.000218 0.000015 0.000213 0.000119 0.000298 0.000273 0.000039 0.000857 0.000223 0.000241 0.041475 0.011157 0.060385 0.016170 0.072571 0.117775 0.010473 0.041621 0.040700 0.006314 0.007563 0.002423 0.076804 0.051468 0.000630 0.002056 0.072664 0.095013 0.041881 0.005889 0.052196 0.211271 0.008425 0.016436 0.037467 0.036007 0.060991 0.043488 0.026494 0.011174 0.017700 0.051045 0.062343 0.045142 0.194542 0.127853 0.001075 0.015412 0.072427 0.011963 0.081492 0.008750 0.028093 0.065283 0.081654 0.012061 0.162190 0.040483 0.033933 0.120064 0.008132 0.018876 0.107895 0.013622 0.050776 0.071670 0.062557 0.033965 0.089913 0.081362 0.020326 0.012259 0.032800 0.075926 0.070720 0.072851 0.075040 0.086860 0.037599 0.093966 0.017615 0.011113 0.023615 0.018981 0.013963 0.010716 0.007281 0.006073 0.026370 0.017283 0.015433 0.014839 0.003863 0.025890 0.021058 0.001924 0.002457 0.057332 0.012137 0.009821 0.018998 0.026233 0.031787 0.046814 0.007990 0.010755 0.005492 0.034104 0.001537 0.008331 0.011957 0.026227 0.007737 0.017707 0.008225 0.012687 0.025946 0.006406 0.007712 0.004329 0.010469 0.040457 0.053682 0.012659 0.006903 0.006150 0.002986 0.002879 0.025788 
0.000595 0.000739 0.000249 0.000022 0.006741 0.000030 0.000121 0.000108 0.000742 0.000727 0.000017 0.000129 0.000095 0.000338 0.000012 0.000094 0.000114 0.000354 1 0.003089 0.004846 0.005597 0.000804 0.000949 0.003261 0.003245 0.000244 0.000126 0.001846 0.000823 0.000113 0.000016 0.001095 0.000160 0.000492 0.001807 0.002422 0.000473 0.000904 0.005682 0.004366 0.000811 0.000498 0.010811 0.002348 0.000550 0.000628 0.001121 0.000632 0.000136 0.000340 0.000141 0.000236 0.000056 0.000627 0.000393 0.001211 0.000131 0.000113 0.041818 0.011506 0.060729 0.016519 0.072919 0.118117 0.010825 0.041971 0.041048 0.006664 0.007910 0.002774 0.077151 0.051814 0.000984 0.002409 0.073008 0.095357 0.042225 0.006239 0.052543 0.211612 0.008776 0.016785 0.037814 0.036355 0.061337 0.043834 0.026842 0.011525 0.018049 0.051391 0.062687 0.045488 0.194883 0.128196 0.001427 0.015759 0.072773 0.012315 0.081839 0.009101 0.028440 0.065629 0.081997 0.012411 0.162531 0.040831 0.034284 0.120417 0.008481 0.019228 0.108247 0.013972 0.051128 0.072022 0.062910 0.034317 0.090265 0.081714 0.020677 0.012609 0.033150 0.076278 0.071070 0.073203 0.075392 0.087211 0.037950 0.094318 0.017966 0.011463 0.023966 0.019332 0.014313 0.011066 0.007631 0.006423 0.026722 0.017633 0.015784 0.015190 0.004212 0.026241 0.021408 0.002273 0.002805 0.057683 0.012488 0.010171 0.019348 0.026583 0.032139 0.047165 0.008339 0.011106 0.005841 0.034454 0.001885 0.008679 0.012306 0.026579 0.008086 0.018058 0.008575 0.013037 0.026296 0.006755 0.008062 0.004677 0.010819 0.040800 0.054025 0.013007 0.007252 0.006499 0.003336 0.003229 0.026134 
0.002495 0.002351 0.002841 0.003067 0.003656 0.003060 0.002969 0.002982 0.002348 0.002363 0.003072 0.002961 0.002995 0.002752 0.003077 0.002996 0.002976 0.002736 0.003089 1 0.001759 0.002512 0.002286 0.002141 0.000173 0.000160 0.002846 0.002963 0.001244 0.002266 0.002976 0.003073 0.001995 0.002929 0.002597 0.001283 0.000667 0.002617 0.002186 0.002596 0.001278 0.002278 0.002593 0.007729 0.000741 0.002539 0.002462 0.001969 0.002458 0.002954 0.002751 0.002948 0.002854 0.003033 0.002462 0.002697 0.001878 0.002958 0.002976 0.038780 0.008438 0.057685 0.013448 0.069853 0.115082 0.007741 0.038896 0.037984 0.003592 0.004854 0.000349 0.074088 0.048758 0.002105 0.000681 0.069965 0.092313 0.039177 0.003168 0.049481 0.208585 0.005692 0.013713 0.034754 0.033287 0.058284 0.040777 0.023777 0.008448 0.014977 0.048337 0.059642 0.042432 0.191853 0.125155 0.001662 0.012702 0.069714 0.009228 0.078777 0.006023 0.025381 0.062574 0.078956 0.009335 0.159503 0.037766 0.031278 0.117377 0.005538 0.016222 0.105217 0.010986 0.048098 0.068997 0.059872 0.031295 0.087232 0.078685 0.017673 0.009631 0.030162 0.073252 0.068060 0.070182 0.072368 0.084194 0.034934 0.091290 0.014971 0.008487 0.020964 0.016334 0.011326 0.008085 0.004681 0.003490 0.023706 0.014643 0.012788 0.012199 0.001453 0.023239 0.018416 0.001049 0.000806 0.054667 0.009508 0.007210 0.016355 0.023587 0.029127 0.044148 0.005393 0.008120 0.002946 0.031453 0.001352 0.005756 0.009340 0.023565 0.005148 0.015057 0.005619 0.010067 0.023296 0.003840 0.005112 0.001868 0.007856 0.037760 0.050988 0.009944 0.004187 0.003434 0.000344 0.000268 0.023080 
0.004253 0.004110 0.004599 0.004824 0.001897 0.004817 0.004726 0.004739 0.004106 0.004122 0.004829 0.004718 0.004752 0.004510 0.004835 0.004753 0.004733 0.004494 0.004846 0.001759 1 0.000754 0.004044 0.003899 0.001587 0.001602 0.004603 0.004721 0.003003 0.004024 0.004734 0.004831 0.003753 0.004687 0.004355 0.003042 0.002426 0.004375 0.003944 0.000837 0.000483 0.004037 0.004351 0.005970 0.002500 0.004297 0.004220 0.003728 0.004216 0.004711 0.004509 0.004706 0.004612 0.004791 0.004220 0.004455 0.003637 0.004716 0.004734 0.037036 0.006686 0.055938 0.011693 0.068097 0.113338 0.005982 0.037139 0.036230 0.001844 0.003116 0.002075 0.072333 0.047006 0.003864 0.002437 0.068219 0.090565 0.037429 0.001425 0.047727 0.206844 0.003933 0.011957 0.033002 0.031531 0.056533 0.039025 0.022023 0.006691 0.013221 0.046585 0.057894 0.040681 0.190110 0.123408 0.003419 0.010953 0.067961 0.007469 0.077022 0.004266 0.023629 0.060823 0.077209 0.007578 0.157761 0.036012 0.029603 0.115669 0.004021 0.014560 0.103517 0.009355 0.046402 0.067303 0.058167 0.029608 0.085531 0.076986 0.016008 0.008014 0.028503 0.071557 0.066377 0.068491 0.070674 0.082504 0.033250 0.089592 0.013320 0.006882 0.019299 0.014678 0.009693 0.006476 0.003186 0.002116 0.022028 0.012997 0.011142 0.010558 0.001405 0.021572 0.016763 0.002725 0.002284 0.052980 0.007890 0.005636 0.014704 0.021925 0.027449 0.042461 0.003877 0.006507 0.001742 0.029782 0.003077 0.004259 0.007739 0.021888 0.003652 0.013401 0.004082 0.008457 0.021631 0.002462 0.003601 0.001345 0.006272 0.036015 0.049245 0.008193 0.002443 0.001697 0.001525 0.001630 0.021331 
0.005005 0.004861 0.005350 0.005575 0.001144 0.005568 0.005477 0.005490 0.004858 0.004874 0.005580 0.005470 0.005503 0.005262 0.005586 0.005504 0.005484 0.005245 0.005597 0.002512 0.000754 1 0.004796 0.004651 0.002339 0.002354 0.005355 0.005472 0.003755 0.004776 0.005485 0.005582 0.004505 0.005438 0.005107 0.003794 0.003179 0.005127 0.004696 0.000092 0.001236 0.004788 0.005102 0.005217 0.003252 0.005049 0.004972 0.004480 0.004968 0.005462 0.005260 0.005457 0.005364 0.005542 0.004972 0.005206 0.004389 0.005467 0.005485 0.036286 0.005933 0.055186 0.010939 0.067344 0.112587 0.005229 0.036385 0.035477 0.001098 0.002374 0.002824 0.071580 0.046253 0.004615 0.003189 0.067467 0.089813 0.036677 0.000690 0.046973 0.206093 0.003180 0.011203 0.032249 0.030778 0.055781 0.038272 0.021269 0.005938 0.012467 0.045833 0.057143 0.039928 0.189359 0.122657 0.004170 0.010201 0.067208 0.006718 0.076269 0.003512 0.022876 0.060070 0.076458 0.006824 0.157011 0.035258 0.028902 0.114948 0.003469 0.013869 0.102801 0.008689 0.045688 0.066589 0.057449 0.028900 0.084813 0.076271 0.015316 0.007361 0.027811 0.070843 0.065669 0.067779 0.069961 0.081793 0.032544 0.088877 0.012637 0.006240 0.018605 0.013992 0.009025 0.005834 0.002677 0.001789 0.021326 0.012317 0.010464 0.009884 0.001973 0.020877 0.016077 0.003473 0.003019 0.052271 0.007237 0.005022 0.014020 0.021232 0.026747 0.041752 0.003329 0.005861 0.001622 0.029083 0.003829 0.003717 0.007097 0.021187 0.003125 0.012715 0.003515 0.007806 0.020936 0.002093 0.003064 0.001755 0.005646 0.035264 0.048494 0.007441 0.001699 0.000964 0.002268 0.002374 0.020579 
0.000210 0.000066 0.000555 0.000782 0.005940 0.000775 0.000684 0.000697 0.000062 0.000078 0.000787 0.000676 0.000710 0.000467 0.000793 0.000711 0.000691 0.000450 0.000804 0.002286 0.004044 0.004796 1 0.000145 0.002458 0.002442 0.000560 0.000678 0.001042 0.000023 0.000691 0.000788 0.000291 0.000644 0.000312 0.001003 0.001618 0.000332 0.000100 0.004881 0.003563 0.000008 0.000307 0.010011 0.001545 0.000254 0.000176 0.000317 0.000172 0.000668 0.000465 0.000663 0.000569 0.000748 0.000177 0.000412 0.000407 0.000673 0.000691 0.041033 0.010711 0.059943 0.015723 0.072125 0.117334 0.010024 0.041174 0.040255 0.005866 0.007117 0.001975 0.076359 0.051024 0.000181 0.001607 0.072222 0.094571 0.041438 0.005441 0.051751 0.210831 0.007976 0.015989 0.037022 0.035561 0.060548 0.043043 0.026049 0.010727 0.017253 0.050601 0.061900 0.044698 0.194102 0.127411 0.000627 0.014967 0.071982 0.011513 0.081047 0.008302 0.027648 0.064839 0.081212 0.011613 0.161750 0.040038 0.033493 0.119619 0.007695 0.018435 0.107452 0.013183 0.050332 0.071228 0.062113 0.033523 0.089469 0.080919 0.019885 0.011820 0.032362 0.075483 0.070279 0.072409 0.074598 0.086418 0.037157 0.093523 0.017175 0.010674 0.023175 0.018541 0.013523 0.010276 0.006843 0.005635 0.025928 0.016844 0.014993 0.014399 0.003430 0.025450 0.020618 0.001494 0.002026 0.056891 0.011698 0.009384 0.018558 0.025793 0.031346 0.046372 0.007552 0.010315 0.005056 0.033664 0.001112 0.007896 0.011519 0.025786 0.007301 0.017267 0.007787 0.012250 0.025506 0.005970 0.007274 0.003895 0.010032 0.040015 0.053241 0.012214 0.006456 0.005703 0.002539 0.002432 0.025344 
0.000355 0.000211 0.000700 0.000927 0.005794 0.000920 0.000828 0.000842 0.000207 0.000223 0.000932 0.000820 0.000855 0.000612 0.000937 0.000855 0.000835 0.000595 0.000949 0.002141 0.003899 0.004651 0.000145 1 0.002313 0.002297 0.000705 0.000823 0.000897 0.000126 0.000836 0.000933 0.000146 0.000789 0.000457 0.000858 0.001473 0.000477 0.000045 0.004735 0.003418 0.000138 0.000452 0.009866 0.001400 0.000399 0.000322 0.000173 0.000317 0.000813 0.000610 0.000808 0.000714 0.000893 0.000322 0.000557 0.000262 0.000818 0.000836 0.040890 0.010566 0.059799 0.015578 0.071980 0.117190 0.009879 0.041029 0.040110 0.005721 0.006972 0.001830 0.076214 0.050879 0.000037 0.001462 0.072078 0.094427 0.041293 0.005296 0.051606 0.210688 0.007830 0.015844 0.036878 0.035416 0.060403 0.042899 0.025904 0.010581 0.017108 0.050457 0.061756 0.044553 0.193958 0.127267 0.000482 0.014822 0.071837 0.011368 0.080902 0.008157 0.027503 0.064695 0.081068 0.011468 0.161606 0.039893 0.033353 0.119478 0.007557 0.018295 0.107311 0.013043 0.050191 0.071087 0.061971 0.033382 0.089328 0.080778 0.019745 0.011681 0.032223 0.075343 0.070139 0.072268 0.074457 0.086278 0.037017 0.093382 0.017036 0.010535 0.023035 0.018401 0.013384 0.010137 0.006705 0.005497 0.025788 0.016704 0.014853 0.014260 0.003294 0.025311 0.020479 0.001362 0.001893 0.056750 0.011559 0.009245 0.018419 0.025654 0.031206 0.046232 0.007414 0.010176 0.004919 0.033524 0.000983 0.007759 0.011381 0.025645 0.007163 0.017127 0.007649 0.012111 0.025366 0.005833 0.007136 0.003759 0.009893 0.039871 0.053097 0.012069 0.006311 0.005558 0.002394 0.002287 0.025200 
