1 0.068167 0.064545 0.082035 0.017901 0.078031 0.065774 0.021925 0.116703 0.059372 0.047363 0.047363 0.074887 0.125948 0.111794 0.139815 0.069332 0.012658 0.093876 0.041983 0.055176 0.037975 0.082035 0.059372 0.074887 0.069332 0.040029 0.017901 0.017901 0.068167 0.068167 0.049025 0.079051 0.102054 0.059372 0.047363 0.052191 0.059372 0.109623 0.017901 0.021925 0.170769 0.097230 0.058007 0.078031 0.074887 0.045640 0.073809 0.037975 0.028305 0.506804 0.457801 0.527105 0.391588 0.480012 0.432423 0.479177 0.296862 0.474641 0.365558 0.342241 0.408608 0.398282 0.468354 0.326671 0.459199 0.434824 0.381011 0.476999 0.364900 0.487794 0.389331 0.512306 0.463021 0.432423 0.455344 0.512307 0.537341 0.446999 0.315695 0.356684 0.342006 0.366433 0.523445 0.431866 0.445562 0.495129 0.457976 0.379747 0.382480 0.419253 0.455168 0.381011 0.302211 0.399086 0.389125 0.395658 0.423436 0.264614 0.387060 0.668973 0.532699 0.671125 0.593723 0.640086 0.771529 0.454640 0.713480 0.638958 0.713816 0.551469 0.572146 0.614413 0.530439 0.559116 0.585571 0.588029 0.789898 0.822590 0.524210 0.648294 0.509955 0.786238 0.520221 0.629102 0.672437 0.503473 0.507278 0.612716 0.645197 0.702047 0.761285 0.617794 0.526649 0.578552 0.732757 0.619219 0.583103 0.493184 0.607199 0.635438 0.586938 0.532699 0.665491 0.650145 0.589118 0.541352 0.564534 0.588710 0.524057 
0.068167 1 0.037975 0.041983 0.076997 0.138085 0.064545 0.053704 0.064545 0.021925 0.109623 0.058007 0.017901 0.085852 0.172171 0.206061 0.133363 0.069332 0.148700 0.105906 0.089507 0.096402 0.098864 0.070478 0.082035 0.028305 0.063291 0.074887 0.063291 0.043849 0.031006 0.085852 0.145432 0.169828 0.021925 0.037975 0.099671 0.021925 0.064545 0.058007 0.066981 0.103612 0.069332 0.085852 0.124669 0.017901 0.107409 0.045640 0.102836 0.040029 0.518524 0.466641 0.536297 0.375930 0.482509 0.429261 0.488614 0.271784 0.479511 0.355108 0.311608 0.410759 0.384985 0.469891 0.323962 0.468354 0.434640 0.376143 0.467327 0.353525 0.492859 0.389125 0.508697 0.462848 0.436296 0.462155 0.516512 0.543715 0.447894 0.306162 0.341772 0.326425 0.361370 0.521144 0.430194 0.455344 0.503632 0.450391 0.379536 0.370780 0.410564 0.458501 0.374007 0.275880 0.392813 0.389742 0.394238 0.425889 0.242166 0.383525 0.675764 0.529229 0.678131 0.596013 0.644452 0.779689 0.440499 0.719852 0.638080 0.727490 0.559402 0.572286 0.620511 0.523292 0.557250 0.592508 0.592778 0.806261 0.826767 0.514180 0.657010 0.506645 0.792632 0.519759 0.638331 0.682254 0.503950 0.510269 0.614152 0.652973 0.707843 0.779073 0.619219 0.527713 0.575636 0.741777 0.627828 0.588710 0.495614 0.615195 0.642085 0.595206 0.529229 0.673508 0.659079 0.594937 0.537937 0.569480 0.597221 0.525736 
0.064545 0.037975 1 0.031006 0.064545 0.137504 0.033491 0.052191 0.055176 0.040029 0.111794 0.047363 0.033491 0.063291 0.172635 0.200943 0.127842 0.065774 0.156574 0.095568 0.105147 0.088608 0.064545 0.082035 0.081052 0.059372 0.064545 0.078031 0.069332 0.037975 0.041983 0.098864 0.133363 0.162598 0.040029 0.040029 0.108152 0.040029 0.045640 0.062012 0.055176 0.117388 0.037975 0.083006 0.121413 0.033491 0.098864 0.017901 0.102054 0.041983 0.541352 0.487301 0.558972 0.399286 0.506013 0.449501 0.507751 0.291964 0.503155 0.373364 0.335144 0.430752 0.412511 0.491067 0.344341 0.491231 0.452521 0.399086 0.493184 0.376994 0.510270 0.412511 0.532549 0.484994 0.459722 0.485324 0.540908 0.565810 0.468696 0.331056 0.365558 0.350795 0.384360 0.542091 0.446819 0.472442 0.525888 0.476831 0.398282 0.392813 0.431309 0.479177 0.397476 0.297939 0.413674 0.409196 0.414255 0.448430 0.264008 0.404469 0.692742 0.548702 0.699875 0.616236 0.664165 0.802076 0.456750 0.742532 0.661385 0.746084 0.578967 0.594128 0.641711 0.543272 0.575219 0.611014 0.613369 0.825410 0.850365 0.538086 0.677067 0.524515 0.816039 0.541944 0.657497 0.703643 0.525278 0.529834 0.634807 0.675764 0.731335 0.799074 0.639710 0.549577 0.597087 0.764645 0.644576 0.608386 0.514803 0.636320 0.661869 0.616236 0.548702 0.693089 0.677659 0.615716 0.560832 0.590069 0.613761 0.544157 
0.082035 0.041983 0.031006 1 0.082035 0.147619 0.041983 0.063291 0.037975 0.040029 0.126582 0.047363 0.033491 0.065774 0.193634 0.217043 0.147619 0.083006 0.167453 0.109623 0.111075 0.102054 0.089507 0.082035 0.068167 0.053704 0.069332 0.091280 0.085852 0.021925 0.028305 0.111075 0.148161 0.180352 0.040029 0.064545 0.127214 0.040029 0.037975 0.073810 0.076997 0.105906 0.037975 0.088608 0.122726 0.033491 0.109623 0.017901 0.116703 0.058007 0.528775 0.472612 0.545039 0.377843 0.490251 0.429448 0.492371 0.267325 0.487958 0.351707 0.310320 0.413674 0.393425 0.473120 0.326671 0.478005 0.432978 0.379747 0.474641 0.356459 0.492696 0.396265 0.514180 0.466469 0.444482 0.471253 0.525888 0.550597 0.450924 0.312635 0.344341 0.329600 0.365996 0.522526 0.426265 0.456574 0.511681 0.459024 0.379325 0.371859 0.409587 0.461809 0.378479 0.273839 0.393425 0.390358 0.395253 0.432052 0.242497 0.385401 0.675409 0.528775 0.684364 0.597758 0.646809 0.786747 0.432978 0.726388 0.643207 0.732210 0.563540 0.576332 0.626039 0.522832 0.556530 0.595071 0.596147 0.811905 0.834195 0.517441 0.661990 0.504586 0.800376 0.524515 0.641711 0.688449 0.507909 0.512306 0.616886 0.660415 0.715834 0.786747 0.621930 0.531495 0.576610 0.750901 0.628210 0.591019 0.497067 0.621543 0.646190 0.602564 0.528775 0.677186 0.662353 0.600699 0.542830 0.573824 0.597356 0.525278 
0.017901 0.076997 0.064545 0.082035 1 0.078031 0.058007 0.028305 0.116703 0.066981 0.053704 0.043849 0.081052 0.123377 0.116015 0.137504 0.069332 0.021925 0.100472 0.033491 0.068167 0.033491 0.071606 0.066981 0.072716 0.080058 0.043849 0.031006 0.035803 0.068167 0.072716 0.063291 0.070478 0.098864 0.066981 0.056609 0.065774 0.066981 0.108152 0.031006 0.021925 0.177215 0.092153 0.058007 0.073810 0.081052 0.037975 0.071606 0.041983 0.037975 0.514024 0.463713 0.534051 0.398483 0.487301 0.437579 0.484167 0.302211 0.482011 0.369915 0.349193 0.414061 0.407430 0.474135 0.332504 0.466469 0.438859 0.387681 0.485324 0.371859 0.491720 0.396669 0.519450 0.469209 0.439771 0.462675 0.520067 0.543862 0.452698 0.323714 0.363800 0.349422 0.373364 0.528926 0.435193 0.449501 0.501879 0.466641 0.384360 0.388713 0.424570 0.460766 0.388094 0.308508 0.404667 0.394035 0.400888 0.430194 0.271193 0.392813 0.672556 0.537490 0.677304 0.598829 0.645073 0.777940 0.457801 0.719963 0.645694 0.718515 0.556674 0.578275 0.620382 0.535549 0.563398 0.590205 0.593454 0.794751 0.829573 0.531193 0.653709 0.514024 0.793137 0.526649 0.633923 0.678368 0.509484 0.512306 0.618183 0.651868 0.709087 0.766738 0.623217 0.532699 0.584064 0.739722 0.622831 0.588029 0.498033 0.613239 0.640711 0.593184 0.537490 0.670528 0.654811 0.595071 0.548117 0.570183 0.592237 0.528320 
0.078031 0.138085 0.137504 0.147619 0.078031 1 0.125948 0.088608 0.184741 0.127842 0.043849 0.102836 0.147075 0.198940 0.085852 0.078031 0.050633 0.074887 0.041983 0.049025 0.068167 0.052191 0.142088 0.085852 0.105147 0.127842 0.082035 0.066981 0.082035 0.128467 0.129708 0.068167 0.058007 0.060707 0.127842 0.122726 0.076997 0.127842 0.179461 0.082035 0.088608 0.238163 0.164557 0.076997 0.047363 0.142651 0.049025 0.142088 0.045640 0.102054 0.457276 0.410954 0.479344 0.372720 0.439224 0.399286 0.431309 0.294695 0.432237 0.342475 0.343642 0.369482 0.377631 0.429075 0.295780 0.412511 0.398282 0.351707 0.448966 0.342708 0.444122 0.353525 0.477334 0.426265 0.391588 0.410954 0.469891 0.491557 0.408412 0.293605 0.338711 0.325688 0.336814 0.486972 0.397476 0.398081 0.448251 0.428701 0.344806 0.359592 0.392813 0.414255 0.353072 0.300616 0.369915 0.353298 0.361370 0.384152 0.260341 0.355108 0.621028 0.496906 0.623088 0.551469 0.594667 0.722185 0.433717 0.666573 0.599364 0.658958 0.503473 0.531796 0.567507 0.498355 0.520836 0.537937 0.543272 0.733085 0.776497 0.495938 0.598428 0.474473 0.738746 0.481179 0.579244 0.622445 0.463713 0.465093 0.570463 0.597758 0.655545 0.703757 0.575358 0.486807 0.542830 0.682489 0.569901 0.537639 0.451812 0.558542 0.587484 0.537937 0.496906 0.616236 0.599898 0.542387 0.504903 0.519296 0.539870 0.483339 
0.065774 0.064545 0.033491 0.041983 0.058007 0.125948 1 0.053704 0.069332 0.060707 0.109623 0.037975 0.062012 0.078031 0.172171 0.189028 0.120752 0.064545 0.152950 0.082035 0.108890 0.075949 0.058007 0.079051 0.069332 0.076997 0.058007 0.079051 0.076997 0.040029 0.053704 0.102836 0.120086 0.152950 0.060707 0.063291 0.116015 0.060707 0.059372 0.065774 0.053704 0.140387 0.040029 0.069332 0.103612 0.056609 0.085852 0.028305 0.098050 0.053704 0.535549 0.479177 0.552775 0.395861 0.500760 0.441770 0.498033 0.288374 0.498194 0.364900 0.335383 0.422299 0.413093 0.483670 0.337051 0.485489 0.442314 0.394441 0.491067 0.373364 0.498998 0.407626 0.527865 0.478842 0.454640 0.479845 0.536595 0.558829 0.460940 0.328870 0.362697 0.348734 0.379536 0.534501 0.435745 0.460940 0.519296 0.475316 0.389125 0.387681 0.424759 0.471253 0.393221 0.296051 0.406839 0.400688 0.406248 0.442495 0.261263 0.397476 0.680490 0.539722 0.692163 0.607463 0.654566 0.794953 0.446999 0.735921 0.655667 0.735159 0.569339 0.586938 0.633544 0.535100 0.564676 0.600299 0.604820 0.815154 0.844409 0.534051 0.667654 0.514180 0.810028 0.535250 0.647305 0.695742 0.517751 0.520529 0.626294 0.669452 0.725505 0.789898 0.631010 0.542682 0.590205 0.758015 0.632151 0.598963 0.505220 0.628083 0.652237 0.607990 0.539722 0.683193 0.666813 0.607199 0.554945 0.581452 0.601232 0.533901 
0.021925 0.053704 0.052191 0.063291 0.028305 0.088608 0.053704 1 0.099671 0.041983 0.063291 0.028305 0.059372 0.114625 0.132156 0.156574 0.088608 0.025316 0.105906 0.053704 0.056609 0.047363 0.084914 0.049025 0.056609 0.052191 0.028305 0.028305 0.028305 0.047363 0.047363 0.056609 0.093019 0.120086 0.041983 0.045640 0.069332 0.041983 0.094726 0.012658 0.031006 0.155547 0.083965 0.053704 0.076997 0.059372 0.053704 0.058007 0.053704 0.017901 0.501879 0.450924 0.521144 0.378055 0.472103 0.420969 0.471933 0.279916 0.467327 0.351935 0.325196 0.399286 0.386646 0.458850 0.315949 0.453405 0.423814 0.369698 0.466297 0.352163 0.478675 0.380379 0.502358 0.453051 0.424759 0.448787 0.505220 0.530288 0.437396 0.304061 0.343176 0.328383 0.355559 0.512775 0.420017 0.437762 0.488778 0.447894 0.368830 0.369482 0.406248 0.446102 0.369698 0.285583 0.387060 0.378479 0.384777 0.414835 0.249338 0.375930 0.660658 0.521605 0.664286 0.584339 0.631644 0.765169 0.439771 0.706370 0.629739 0.708522 0.544304 0.562971 0.607199 0.518679 0.548848 0.577998 0.579658 0.785320 0.815449 0.512307 0.641711 0.498676 0.779587 0.511054 0.622059 0.666092 0.494320 0.498194 0.603626 0.638582 0.695281 0.757593 0.608781 0.517287 0.567507 0.727380 0.611538 0.574661 0.483836 0.600699 0.628210 0.581039 0.521605 0.658350 0.643332 0.582141 0.531646 0.556674 0.580901 0.514024 
0.116703 0.064545 0.055176 0.037975 0.116703 0.184741 0.069332 0.099671 1 0.070478 0.162598 0.084914 0.053704 0.043849 0.226791 0.252848 0.181238 0.117388 0.204108 0.145432 0.146530 0.137504 0.105147 0.115322 0.102836 0.081052 0.105147 0.127214 0.119417 0.059372 0.062012 0.144326 0.183435 0.215562 0.070478 0.088608 0.159111 0.070478 0.017901 0.109623 0.108890 0.079051 0.040029 0.121413 0.159614 0.053704 0.146530 0.045640 0.152950 0.091280 0.554367 0.496583 0.569339 0.390973 0.511837 0.447894 0.516046 0.275880 0.510897 0.366215 0.315695 0.434640 0.409196 0.493833 0.346429 0.502677 0.451989 0.398885 0.490741 0.372505 0.513556 0.417338 0.532699 0.486807 0.467156 0.494967 0.548410 0.573265 0.471253 0.330813 0.358699 0.344108 0.384985 0.540760 0.444122 0.480012 0.535699 0.476663 0.399286 0.386853 0.425512 0.483339 0.396467 0.282196 0.410759 0.410954 0.414835 0.453935 0.253797 0.404271 0.695857 0.545627 0.706597 0.617664 0.667174 0.809533 0.443399 0.748657 0.662232 0.756428 0.585982 0.595610 0.647800 0.537789 0.573126 0.616366 0.617405 0.837646 0.855157 0.532549 0.684481 0.520990 0.822590 0.543862 0.664406 0.712131 0.527561 0.532699 0.636194 0.683661 0.737987 0.813482 0.641086 0.551759 0.594533 0.774121 0.649652 0.612454 0.517132 0.644203 0.667534 0.625142 0.545627 0.699188 0.684364 0.622059 0.560689 0.595071 0.618831 0.544598 
0.059372 0.021925 0.040029 0.040029 0.066981 0.127842 0.060707 0.041983 0.070478 1 0.099671 0.043849 0.021925 0.092153 0.166011 0.196916 0.127842 0.063291 0.139241 0.095568 0.079051 0.088608 0.098050 0.066981 0.065774 0.025316 0.056609 0.064545 0.056609 0.033491 0.021925 0.083006 0.132156 0.159614 0.000000 0.043849 0.095568 0.000000 0.070478 0.047363 0.063291 0.118745 0.070478 0.083006 0.111794 0.033490 0.093876 0.043849 0.092153 0.033491 0.511837 0.460245 0.529834 0.373149 0.477334 0.423058 0.481845 0.269712 0.473289 0.351252 0.310836 0.405459 0.381431 0.463540 0.319730 0.462329 0.428514 0.369915 0.464403 0.349193 0.486807 0.384360 0.503791 0.456048 0.430566 0.456399 0.510740 0.537937 0.442314 0.302211 0.338238 0.322723 0.356684 0.515425 0.424003 0.448430 0.497389 0.446640 0.373364 0.367089 0.404865 0.451989 0.369482 0.274424 0.387681 0.382898 0.388300 0.420017 0.241835 0.378267 0.669930 0.524515 0.672318 0.589662 0.638833 0.773189 0.437030 0.713030 0.632658 0.721186 0.553788 0.567365 0.615195 0.519759 0.553933 0.587484 0.586392 0.798372 0.821225 0.509955 0.651499 0.502358 0.786238 0.515269 0.631898 0.675053 0.499319 0.504744 0.609044 0.645942 0.701819 0.771114 0.614413 0.521451 0.568776 0.736465 0.622059 0.582003 0.490251 0.609832 0.637201 0.591019 0.524515 0.667654 0.653831 0.590747 0.534201 0.564250 0.591425 0.519759 
0.047363 0.109623 0.111794 0.126582 0.053704 0.043849 0.109623 0.063291 0.162598 0.099671 1 0.085852 0.118068 0.173099 0.073810 0.099671 0.043849 0.049025 0.049025 0.041983 0.045640 0.045640 0.120086 0.078031 0.098864 0.102836 0.069332 0.035803 0.047363 0.109623 0.108152 0.045640 0.058007 0.065774 0.099671 0.089507 0.037975 0.099671 0.156574 0.053704 0.063291 0.212568 0.143770 0.076997 0.069332 0.118068 0.041983 0.120086 0.012658 0.072716 0.481845 0.437396 0.504109 0.388713 0.461982 0.421920 0.459373 0.305376 0.454640 0.363360 0.351023 0.394644 0.390153 0.453051 0.317719 0.436663 0.424003 0.370348 0.466469 0.359146 0.472781 0.374649 0.498355 0.448251 0.413868 0.434456 0.491883 0.516977 0.432793 0.308508 0.353525 0.339184 0.356234 0.510740 0.423247 0.427578 0.473289 0.445562 0.369048 0.377843 0.412705 0.439042 0.371644 0.310062 0.390973 0.376994 0.384569 0.406839 0.271193 0.376994 0.651745 0.522066 0.649775 0.577582 0.622574 0.748336 0.455344 0.691584 0.622445 0.689844 0.531947 0.556530 0.594533 0.522219 0.548410 0.567507 0.569761 0.763072 0.801277 0.514958 0.627189 0.500760 0.763492 0.505220 0.608386 0.649159 0.488614 0.491883 0.596819 0.622445 0.680019 0.732757 0.602032 0.510583 0.565385 0.708748 0.601099 0.564960 0.478675 0.585982 0.616236 0.565810 0.522066 0.645197 0.630120 0.570042 0.527865 0.546361 0.571025 0.510426 
0.047363 0.058007 0.047363 0.047363 0.043849 0.102836 0.037975 0.028305 0.084914 0.043849 0.085852 1 0.058007 0.103612 0.156061 0.172635 0.108890 0.049025 0.125948 0.065774 0.076997 0.060707 0.083965 0.056609 0.037975 0.056609 0.035803 0.053704 0.056609 0.028305 0.037975 0.081052 0.103612 0.136920 0.043849 0.062012 0.097230 0.043849 0.081052 0.040029 0.049025 0.149774 0.068167 0.058007 0.078031 0.058007 0.063291 0.043849 0.074887 0.037975 0.505220 0.451102 0.523139 0.372720 0.472611 0.415799 0.470743 0.269712 0.468525 0.343875 0.316456 0.396669 0.385609 0.456223 0.312635 0.456048 0.417913 0.366433 0.465093 0.347813 0.474473 0.380169 0.500600 0.450391 0.425701 0.450747 0.506962 0.530741 0.434640 0.302211 0.338238 0.323714 0.353072 0.508539 0.412511 0.435009 0.490251 0.447715 0.363800 0.364020 0.399687 0.443761 0.366870 0.276749 0.381851 0.374007 0.380379 0.414255 0.242497 0.371859 0.656644 0.516201 0.664406 0.580901 0.628975 0.765901 0.428888 0.706483 0.628083 0.708635 0.543272 0.560832 0.606803 0.512932 0.543715 0.575915 0.577581 0.786238 0.815940 0.508382 0.641336 0.492371 0.780511 0.509327 0.620640 0.666453 0.492208 0.495129 0.600833 0.639460 0.696318 0.760021 0.606011 0.514958 0.562829 0.729689 0.608254 0.572006 0.480346 0.601099 0.627062 0.582278 0.516201 0.657010 0.641961 0.582003 0.529683 0.555377 0.577443 0.509169 
0.074887 0.017901 0.033491 0.033491 0.081052 0.147075 0.062012 0.059372 0.053704 0.021925 0.118068 0.058007 1 0.073810 0.181238 0.214444 0.142651 0.078031 0.159111 0.111794 0.099671 0.104382 0.095568 0.083006 0.082035 0.037975 0.072716 0.083006 0.072716 0.040029 0.031006 0.099671 0.148700 0.176309 0.021925 0.045640 0.110352 0.021925 0.053704 0.065774 0.073809 0.100472 0.059372 0.096402 0.130938 0.025316 0.111794 0.037975 0.110352 0.047363 0.528926 0.476494 0.546360 0.383525 0.492371 0.436663 0.498033 0.277039 0.489106 0.362255 0.316709 0.420017 0.393221 0.478340 0.333226 0.478843 0.442314 0.383734 0.476494 0.361148 0.501560 0.398885 0.517441 0.470743 0.446102 0.472442 0.526345 0.553644 0.456750 0.314933 0.349193 0.333707 0.370131 0.529078 0.437213 0.464403 0.513712 0.459548 0.387474 0.378479 0.417146 0.467156 0.382480 0.281628 0.400488 0.397476 0.402285 0.435193 0.249980 0.391792 0.684715 0.537341 0.687984 0.604289 0.653586 0.789289 0.446281 0.728921 0.646809 0.737769 0.569339 0.581452 0.630502 0.531495 0.566376 0.602431 0.601632 0.815940 0.836401 0.521912 0.667174 0.514803 0.802076 0.529229 0.647799 0.691584 0.513400 0.519296 0.623217 0.662232 0.717511 0.789086 0.628465 0.536147 0.582554 0.752499 0.637201 0.597356 0.504586 0.625526 0.652237 0.606407 0.537341 0.683193 0.669212 0.605614 0.547386 0.579244 0.606539 0.533901 
0.125948 0.085852 0.063291 0.065774 0.123377 0.198940 0.078031 0.114625 0.043849 0.092153 0.173099 0.103612 0.073810 1 0.228901 0.258488 0.185606 0.127842 0.219247 0.153994 0.166973 0.148700 0.086780 0.141523 0.130324 0.109623 0.125948 0.140386 0.130938 0.085852 0.091280 0.161113 0.186896 0.218515 0.092153 0.093876 0.166973 0.092153 0.031006 0.124669 0.114625 0.098864 0.040029 0.140956 0.179461 0.078031 0.157084 0.060707 0.163090 0.104382 0.593453 0.536595 0.609307 0.434456 0.553065 0.490251 0.556098 0.319479 0.551614 0.408804 0.359369 0.475821 0.451989 0.535549 0.387887 0.542239 0.493671 0.441226 0.533601 0.415606 0.554367 0.458675 0.575219 0.528775 0.507909 0.535100 0.589254 0.614022 0.512932 0.373149 0.402086 0.387474 0.427203 0.583241 0.485819 0.519759 0.575775 0.519142 0.440863 0.430007 0.468525 0.524668 0.439042 0.325934 0.453405 0.452521 0.456750 0.495129 0.296862 0.446460 0.736574 0.588029 0.747586 0.659565 0.708635 0.850460 0.485819 0.789898 0.704667 0.795859 0.626422 0.637703 0.688798 0.580487 0.614674 0.656888 0.658836 0.876714 0.896860 0.575915 0.724953 0.562971 0.863826 0.585845 0.704894 0.752606 0.569339 0.574103 0.678131 0.724400 0.779175 0.851965 0.682958 0.593723 0.637201 0.814466 0.689844 0.653709 0.558542 0.684715 0.708295 0.665129 0.588029 0.739938 0.724621 0.662716 0.603095 0.636194 0.658958 0.586255 
0.111794 0.172171 0.172635 0.193634 0.116015 0.085852 0.172171 0.132156 0.226791 0.166011 0.073810 0.156061 0.181238 0.228901 1 0.069332 0.059372 0.112509 0.070478 0.100472 0.111076 0.106660 0.162104 0.145432 0.172170 0.169828 0.138664 0.105906 0.110352 0.179461 0.177667 0.102054 0.086780 0.052191 0.166011 0.143212 0.074887 0.166011 0.218148 0.122726 0.120752 0.271489 0.204500 0.139241 0.130324 0.181238 0.105147 0.184307 0.083006 0.136920 0.502677 0.466469 0.528017 0.439042 0.493184 0.465953 0.489433 0.367307 0.484001 0.415606 0.411538 0.432978 0.434087 0.490088 0.362918 0.461635 0.467155 0.414835 0.506013 0.408019 0.509012 0.411733 0.535250 0.486643 0.445562 0.461982 0.519450 0.544451 0.470743 0.355784 0.404667 0.390973 0.399888 0.550305 0.469209 0.460766 0.499319 0.483505 0.413287 0.427203 0.461461 0.475147 0.415992 0.370780 0.437396 0.420017 0.427953 0.441952 0.329843 0.421160 0.682489 0.563113 0.674459 0.612062 0.653464 0.770074 0.509484 0.716393 0.655056 0.709539 0.560118 0.590340 0.621415 0.565243 0.586801 0.596685 0.600966 0.779278 0.824924 0.557681 0.651745 0.543125 0.785830 0.539870 0.634933 0.672198 0.523751 0.527105 0.629993 0.646438 0.703643 0.745977 0.634933 0.545774 0.605084 0.727490 0.630502 0.596685 0.515114 0.610620 0.643207 0.588846 0.563113 0.671483 0.655789 0.596685 0.563682 0.576332 0.601366 0.548556 
0.139815 0.206061 0.200943 0.217043 0.137504 0.078031 0.189028 0.156574 0.252848 0.196916 0.099671 0.172635 0.214444 0.258488 0.069332 1 0.078031 0.138085 0.081052 0.108152 0.136920 0.116703 0.185174 0.161113 0.179461 0.200144 0.155031 0.132761 0.144326 0.199743 0.202136 0.132156 0.083006 0.045640 0.196916 0.181680 0.122072 0.196916 0.244471 0.149774 0.147075 0.307467 0.226791 0.147075 0.118745 0.211434 0.111075 0.207996 0.105147 0.167453 0.479845 0.441044 0.504744 0.429448 0.473966 0.445203 0.460766 0.363359 0.464748 0.398282 0.412316 0.410173 0.430007 0.467670 0.346197 0.440317 0.441770 0.400688 0.495129 0.397678 0.479177 0.395861 0.517906 0.466812 0.427204 0.441770 0.500921 0.520375 0.448430 0.348963 0.396669 0.384777 0.386024 0.527713 0.443219 0.429821 0.475990 0.473458 0.390973 0.414255 0.444482 0.451635 0.403081 0.369048 0.419826 0.398081 0.407233 0.422679 0.327895 0.402882 0.648294 0.538682 0.647552 0.585298 0.624373 0.743179 0.489270 0.691121 0.633670 0.675290 0.531042 0.567083 0.594533 0.543272 0.559402 0.565810 0.573964 0.745010 0.800677 0.542830 0.621801 0.517132 0.761180 0.518369 0.603626 0.644203 0.500921 0.500600 0.603759 0.621930 0.680019 0.713480 0.608386 0.523292 0.582966 0.701704 0.596013 0.568071 0.488614 0.583241 0.613630 0.561831 0.538682 0.640711 0.623474 0.569761 0.544009 0.549577 0.567083 0.520683 
0.069332 0.133363 0.127842 0.147619 0.069332 0.050633 0.120752 0.088608 0.181238 0.127842 0.043849 0.108890 0.142651 0.185606 0.059372 0.078031 1 0.065774 0.065774 0.049025 0.084914 0.052191 0.117388 0.099671 0.127214 0.132761 0.089507 0.066981 0.073810 0.133363 0.134559 0.068167 0.058007 0.049025 0.127842 0.105906 0.058007 0.127842 0.172171 0.082035 0.072716 0.232719 0.156574 0.084914 0.085852 0.138085 0.060707 0.137504 0.045640 0.095568 0.500120 0.455344 0.522832 0.413481 0.482343 0.444843 0.476494 0.331539 0.475990 0.384777 0.379113 0.413674 0.417913 0.474472 0.338238 0.455344 0.443941 0.396265 0.489924 0.384985 0.489433 0.396265 0.520990 0.471933 0.435009 0.453935 0.512932 0.535250 0.453051 0.334426 0.379747 0.366433 0.379747 0.532248 0.443219 0.443761 0.491883 0.470062 0.390153 0.401687 0.437579 0.459722 0.395861 0.336814 0.414061 0.399286 0.406445 0.428327 0.294967 0.399286 0.665852 0.541352 0.666814 0.597222 0.639334 0.766110 0.475990 0.711230 0.643705 0.702275 0.547386 0.575776 0.611014 0.541500 0.563398 0.581452 0.588574 0.777219 0.819858 0.539276 0.641836 0.518369 0.782561 0.524515 0.623988 0.667174 0.507278 0.509798 0.614804 0.642210 0.699073 0.747050 0.619348 0.532097 0.589254 0.724400 0.614283 0.583378 0.496422 0.601632 0.630629 0.579244 0.541352 0.660415 0.643207 0.584476 0.547532 0.563113 0.584339 0.528926 
0.012658 0.069332 0.065774 0.083006 0.021925 0.074887 0.064545 0.025316 0.117388 0.063291 0.049025 0.049025 0.078031 0.127842 0.112509 0.138085 0.065774 1 0.093019 0.040029 0.056609 0.031006 0.083006 0.052191 0.075949 0.070478 0.033491 0.021925 0.021925 0.069332 0.069332 0.043849 0.082035 0.102836 0.063291 0.049025 0.053704 0.063291 0.110352 0.021925 0.017901 0.170299 0.098050 0.047363 0.074887 0.073809 0.047363 0.074887 0.040029 0.031006 0.503155 0.453405 0.523292 0.387267 0.475821 0.428514 0.474641 0.292786 0.471083 0.360482 0.338711 0.403676 0.395253 0.464403 0.321479 0.455168 0.430194 0.377843 0.472781 0.361148 0.482675 0.384985 0.508382 0.459722 0.428514 0.451280 0.508697 0.533000 0.442495 0.311865 0.352845 0.338474 0.362255 0.519296 0.427203 0.440681 0.491067 0.454288 0.375290 0.378055 0.415606 0.451102 0.376994 0.298208 0.394847 0.385193 0.391383 0.419444 0.259416 0.382689 0.663562 0.527713 0.666693 0.589526 0.635186 0.767677 0.449501 0.709990 0.635060 0.708748 0.546361 0.567507 0.609570 0.525126 0.552920 0.579935 0.583790 0.785932 0.818587 0.520375 0.643207 0.504427 0.782663 0.515425 0.624373 0.668733 0.498516 0.502358 0.607859 0.641836 0.698271 0.757593 0.612716 0.522832 0.575358 0.728261 0.613630 0.578829 0.488122 0.602298 0.629993 0.581315 0.527713 0.660536 0.644576 0.583515 0.536446 0.559545 0.583103 0.519296 
0.093876 0.148700 0.156574 0.167453 0.100472 0.041983 0.152950 0.105906 0.204108 0.139241 0.049025 0.125948 0.159111 0.219247 0.070478 0.081052 0.065774 0.093019 1 0.080058 0.064545 0.082035 0.167453 0.102054 0.127842 0.135744 0.103612 0.079051 0.090398 0.148700 0.145432 0.069332 0.082035 0.069332 0.139241 0.133363 0.069332 0.139241 0.200144 0.095567 0.108890 0.248372 0.188603 0.104382 0.081052 0.157084 0.078031 0.163580 0.059372 0.116015 0.443219 0.402882 0.466984 0.370780 0.429075 0.397073 0.425512 0.300883 0.420398 0.346891 0.345734 0.366215 0.367525 0.423247 0.294967 0.400088 0.398885 0.345966 0.440135 0.339184 0.443219 0.345502 0.469038 0.419253 0.381011 0.399286 0.456925 0.481845 0.403875 0.287818 0.336099 0.322474 0.331781 0.482841 0.400488 0.395861 0.437213 0.417913 0.344574 0.358476 0.391792 0.408608 0.347813 0.304588 0.368396 0.351252 0.359369 0.375930 0.264917 0.352617 0.619348 0.495776 0.613369 0.546361 0.589662 0.710441 0.440863 0.655056 0.590340 0.651499 0.497550 0.525278 0.559402 0.497872 0.521605 0.534201 0.536595 0.722850 0.764540 0.489924 0.591019 0.475990 0.725947 0.474641 0.572986 0.611669 0.458326 0.461461 0.565243 0.585434 0.643083 0.691237 0.570464 0.479678 0.537341 0.669810 0.568071 0.532097 0.449144 0.549723 0.581590 0.529380 0.495776 0.609832 0.594937 0.535400 0.498355 0.512932 0.538533 0.481845 
0.041983 0.105906 0.095568 0.109623 0.033491 0.049025 0.082035 0.053704 0.145432 0.095568 0.041983 0.065774 0.111794 0.153994 0.100472 0.108152 0.049025 0.040029 0.080058 1 0.069332 0.017901 0.093876 0.072716 0.082035 0.103612 0.055176 0.041983 0.055176 0.093019 0.098050 0.064545 0.047363 0.073809 0.095568 0.086780 0.069332 0.095568 0.137504 0.052191 0.047363 0.206061 0.120086 0.056609 0.052191 0.108890 0.017901 0.100472 0.031006 0.066981 0.497067 0.447357 0.517751 0.393425 0.473797 0.426640 0.467155 0.303005 0.468012 0.362255 0.352163 0.400488 0.402484 0.460940 0.321977 0.450569 0.426077 0.378690 0.477167 0.365558 0.475990 0.384985 0.508382 0.457276 0.426265 0.447715 0.506171 0.528168 0.439589 0.317467 0.359146 0.345502 0.364020 0.516822 0.423058 0.432237 0.485819 0.458151 0.372290 0.381851 0.416377 0.446819 0.379536 0.309803 0.395253 0.381851 0.389331 0.417146 0.270898 0.382270 0.655056 0.525278 0.660658 0.584339 0.629103 0.760969 0.450924 0.704098 0.632785 0.698500 0.539573 0.564676 0.604024 0.524821 0.549723 0.572986 0.577997 0.774224 0.814073 0.522832 0.635942 0.501560 0.777116 0.513556 0.616106 0.661021 0.495938 0.497550 0.603626 0.635816 0.693435 0.746084 0.608517 0.519450 0.572566 0.722296 0.604687 0.572146 0.483505 0.596147 0.623602 0.575776 0.525278 0.652973 0.636572 0.578552 0.536147 0.554367 0.574243 0.514024 
0.055176 0.089507 0.105147 0.111075 0.068167 0.068167 0.108890 0.056609 0.146530 0.079051 0.045640 0.076997 0.099671 0.166973 0.111076 0.136920 0.084914 0.056609 0.064545 0.069332 1 0.064545 0.136920 0.055176 0.080058 0.072716 0.058007 0.037975 0.045640 0.093019 0.085852 0.035803 0.096402 0.108890 0.079051 0.084914 0.053704 0.079051 0.145432 0.045640 0.073810 0.187325 0.138664 0.073810 0.072716 0.099671 0.064545 0.111075 0.047363 0.064545 0.457100 0.411538 0.478173 0.351707 0.432423 0.390153 0.434456 0.267026 0.425701 0.330329 0.310062 0.365777 0.351935 0.423247 0.286143 0.410369 0.394847 0.336099 0.431309 0.322723 0.446819 0.343176 0.465953 0.416954 0.384360 0.406839 0.462848 0.490088 0.403081 0.271784 0.315949 0.300883 0.322474 0.479845 0.394035 0.403478 0.446999 0.410564 0.338948 0.342475 0.378479 0.410173 0.337051 0.270602 0.357805 0.346660 0.353525 0.376782 0.233406 0.344806 0.627828 0.491883 0.623988 0.549285 0.596147 0.722961 0.422679 0.664768 0.591967 0.668973 0.507120 0.527105 0.568494 0.490741 0.520683 0.543125 0.542535 0.742964 0.773914 0.480012 0.603095 0.471593 0.736900 0.475316 0.584339 0.624373 0.459373 0.464231 0.568635 0.596013 0.652973 0.713143 0.574103 0.480679 0.533751 0.684247 0.578136 0.538384 0.450924 0.560975 0.591425 0.541648 0.491883 0.620770 0.606935 0.544598 0.496745 0.519759 0.547971 0.482509 
0.037975 0.096402 0.088608 0.102054 0.033491 0.052191 0.075949 0.047363 0.137504 0.088608 0.045640 0.060707 0.104382 0.148700 0.106660 0.116703 0.052191 0.031006 0.082035 0.017901 0.064545 1 0.093876 0.058007 0.078031 0.093876 0.041983 0.037975 0.049025 0.085852 0.089507 0.053704 0.064545 0.085852 0.088608 0.079051 0.066981 0.088608 0.130324 0.045640 0.040029 0.194871 0.114625 0.040029 0.052191 0.098050 0.031006 0.093876 0.035803 0.059372 0.491882 0.441226 0.512150 0.383526 0.466641 0.419444 0.461288 0.292238 0.461809 0.352845 0.341068 0.392813 0.393628 0.454288 0.312891 0.444482 0.418871 0.371428 0.468012 0.356684 0.469209 0.376994 0.500760 0.450924 0.419444 0.441226 0.499800 0.521759 0.432237 0.308248 0.349651 0.336099 0.355559 0.509641 0.415799 0.426265 0.479845 0.449679 0.364900 0.372505 0.408608 0.440317 0.370996 0.298745 0.387060 0.375077 0.381851 0.410173 0.258798 0.374221 0.648665 0.517287 0.654566 0.577998 0.622445 0.755687 0.441589 0.698844 0.625911 0.693204 0.533000 0.557250 0.597356 0.515891 0.540908 0.565952 0.571866 0.770490 0.807948 0.514491 0.629612 0.493184 0.771737 0.505696 0.610358 0.656155 0.488122 0.490414 0.596416 0.630756 0.687634 0.742640 0.601099 0.512932 0.566376 0.716281 0.598294 0.566235 0.476158 0.589661 0.616626 0.568494 0.517287 0.646809 0.629993 0.571025 0.527713 0.547386 0.567789 0.507120 
0.082035 0.098864 0.064545 0.089507 0.071606 0.142088 0.058007 0.084914 0.105147 0.098050 0.120086 0.083965 0.095568 0.086780 0.162104 0.185174 0.117388 0.083006 0.167453 0.093876 0.136920 0.093876 1 0.121413 0.119417 0.118745 0.098050 0.099671 0.094725 0.092153 0.102054 0.124669 0.118068 0.145982 0.098050 0.075949 0.120752 0.098050 0.088608 0.093019 0.065774 0.169828 0.068167 0.105147 0.135153 0.095568 0.102054 0.071606 0.109623 0.081052 0.580763 0.527105 0.599631 0.451280 0.550305 0.495291 0.546361 0.345734 0.546800 0.420207 0.392405 0.473289 0.466125 0.535100 0.389331 0.531947 0.495129 0.447536 0.543862 0.427953 0.549577 0.458151 0.580073 0.530741 0.503632 0.527409 0.585024 0.607331 0.512463 0.381851 0.417913 0.403875 0.432237 0.587484 0.489270 0.509641 0.566659 0.527257 0.441770 0.442676 0.479845 0.522066 0.446461 0.353072 0.460940 0.453051 0.459024 0.492696 0.316962 0.450569 0.730128 0.593048 0.740587 0.658958 0.704894 0.842795 0.503155 0.784708 0.707277 0.780921 0.617794 0.638331 0.682371 0.589118 0.616626 0.649159 0.655056 0.859828 0.893549 0.588437 0.715498 0.567365 0.858336 0.586528 0.695627 0.743287 0.568917 0.571446 0.677540 0.717399 0.773914 0.833235 0.682136 0.594128 0.643581 0.804470 0.680843 0.649159 0.556386 0.675883 0.700905 0.654811 0.593048 0.731773 0.714714 0.655545 0.606935 0.631010 0.650022 0.585845 
0.059372 0.070478 0.082035 0.082035 0.066981 0.085852 0.079051 0.049025 0.115322 0.066981 0.078031 0.056609 0.083006 0.141523 0.145432 0.161113 0.099671 0.052191 0.102054 0.072716 0.055176 0.058007 0.121413 1 0.060707 0.056609 0.025316 0.053704 0.056609 0.065774 0.060707 0.049025 0.116703 0.135744 0.066981 0.075949 0.084914 0.066981 0.115322 0.047363 0.063291 0.158101 0.109623 0.033491 0.069332 0.070478 0.074887 0.083965 0.072716 0.055176 0.463886 0.410954 0.482343 0.337051 0.431495 0.381641 0.432052 0.242166 0.428514 0.310578 0.288374 0.357581 0.348044 0.419253 0.273254 0.414061 0.383525 0.331539 0.424758 0.312379 0.437579 0.339184 0.461982 0.414835 0.384985 0.409000 0.466125 0.489924 0.396467 0.263705 0.303270 0.289207 0.314679 0.472611 0.380169 0.397678 0.449322 0.407626 0.328627 0.328383 0.367525 0.406445 0.329114 0.247403 0.346660 0.339420 0.344574 0.374863 0.207610 0.335144 0.619219 0.479845 0.623859 0.544451 0.590340 0.726168 0.399487 0.668014 0.589661 0.668134 0.502836 0.521451 0.565810 0.475990 0.504903 0.535549 0.539722 0.747800 0.775465 0.472103 0.600299 0.456223 0.740912 0.469038 0.581728 0.627828 0.452166 0.456750 0.561974 0.600699 0.656033 0.720852 0.566659 0.477838 0.529683 0.686935 0.569901 0.534950 0.442133 0.559402 0.585845 0.538235 0.479845 0.617275 0.601232 0.539128 0.489106 0.514958 0.539276 0.473289 
0.074887 0.082035 0.081052 0.068167 0.072716 0.105147 0.069332 0.056609 0.102836 0.065774 0.098864 0.037975 0.082035 0.130324 0.172170 0.179461 0.127214 0.075949 0.127842 0.082035 0.080058 0.078031 0.119417 0.060707 1 0.068167 0.052191 0.072716 0.081052 0.047363 0.053704 0.094725 0.114625 0.148700 0.065774 0.095568 0.117388 0.065774 0.104382 0.063291 0.082035 0.163580 0.094726 0.069332 0.068167 0.082035 0.073809 0.072716 0.089507 0.069332 0.476326 0.420779 0.493346 0.342475 0.442676 0.382689 0.439589 0.240506 0.438311 0.312379 0.288652 0.365777 0.356459 0.424003 0.282763 0.427203 0.384985 0.334187 0.435745 0.316709 0.442495 0.350567 0.469380 0.417721 0.395861 0.421540 0.477167 0.500440 0.403081 0.272960 0.307728 0.293332 0.322474 0.475821 0.379113 0.403478 0.460419 0.418296 0.331297 0.332986 0.366433 0.411733 0.336099 0.248372 0.349651 0.341068 0.348044 0.383525 0.216304 0.340127 0.624758 0.484001 0.633670 0.548117 0.597222 0.734832 0.396871 0.674815 0.596282 0.678486 0.512775 0.529532 0.576332 0.481512 0.513244 0.545480 0.545480 0.755369 0.785014 0.476663 0.611014 0.460593 0.749406 0.478675 0.589254 0.635060 0.461461 0.463540 0.569198 0.608254 0.665611 0.730019 0.574661 0.482675 0.528926 0.700447 0.577026 0.539573 0.448787 0.571165 0.596819 0.553933 0.484001 0.625911 0.611669 0.552775 0.499319 0.524668 0.546214 0.476494 
0.069332 0.028305 0.059372 0.053704 0.080058 0.127842 0.076997 0.052191 0.081052 0.025316 0.102836 0.056609 0.037975 0.109623 0.169828 0.200144 0.132761 0.070478 0.135744 0.103612 0.072716 0.093876 0.118745 0.056609 0.068167 1 0.056609 0.069332 0.062012 0.045640 0.028305 0.076997 0.142651 0.166493 0.025316 0.056609 0.097230 0.025316 0.084914 0.053704 0.074887 0.116015 0.088608 0.081052 0.111794 0.037975 0.102054 0.062012 0.097230 0.045640 0.491720 0.440317 0.509484 0.351480 0.456048 0.403279 0.462502 0.249980 0.452521 0.331539 0.290036 0.385193 0.358923 0.443399 0.299013 0.441770 0.409391 0.349422 0.441770 0.327895 0.467670 0.362918 0.482343 0.435928 0.409587 0.435561 0.489597 0.517287 0.421920 0.280202 0.316709 0.301149 0.335383 0.495129 0.405459 0.429821 0.476999 0.424192 0.353978 0.345966 0.384985 0.432052 0.348044 0.253797 0.367307 0.363580 0.368396 0.399286 0.220340 0.357805 0.650761 0.504268 0.651745 0.569761 0.618701 0.752819 0.418296 0.692742 0.611538 0.701819 0.533751 0.546361 0.594533 0.498998 0.533601 0.567507 0.566376 0.779689 0.800076 0.488450 0.631264 0.482509 0.765587 0.493995 0.612323 0.655300 0.478340 0.484663 0.588437 0.625783 0.680961 0.752393 0.593723 0.501080 0.548994 0.715498 0.602962 0.562401 0.470232 0.589254 0.616756 0.570042 0.504268 0.647676 0.633923 0.569761 0.512463 0.543715 0.572426 0.500280 
0.040029 0.063291 0.064545 0.069332 0.043849 0.082035 0.058007 0.028305 0.105147 0.056609 0.069332 0.035803 0.072716 0.125948 0.138664 0.155031 0.089507 0.033491 0.103612 0.055176 0.058007 0.041983 0.098050 0.025316 0.052191 0.056609 1 0.040029 0.043849 0.052191 0.052191 0.052191 0.100472 0.124669 0.056609 0.062012 0.079051 0.056609 0.102054 0.031006 0.041983 0.158101 0.092153 0.028305 0.064545 0.063291 0.058007 0.066981 0.060707 0.037975 0.484498 0.431495 0.503155 0.358699 0.453228 0.401687 0.451989 0.261263 0.449679 0.330571 0.308248 0.378479 0.370348 0.439771 0.294695 0.435193 0.403081 0.352163 0.447536 0.333707 0.457276 0.361148 0.483670 0.435193 0.406445 0.430380 0.487629 0.511054 0.417338 0.285863 0.324703 0.310578 0.336338 0.493184 0.399086 0.416954 0.470232 0.430194 0.348504 0.349651 0.387474 0.426828 0.350795 0.267325 0.367307 0.359146 0.364900 0.396063 0.228901 0.356009 0.638833 0.500440 0.644825 0.564676 0.610882 0.746835 0.418297 0.688566 0.611014 0.687984 0.523445 0.542830 0.586938 0.497067 0.525736 0.556098 0.560118 0.766842 0.796865 0.493671 0.621028 0.476494 0.761811 0.490741 0.601765 0.647923 0.473628 0.477334 0.582966 0.621157 0.677186 0.739938 0.587756 0.498516 0.549577 0.708295 0.589526 0.554945 0.462675 0.580487 0.606803 0.559832 0.500440 0.637703 0.621672 0.560689 0.511211 0.535998 0.558829 0.493184 
0.017901 0.074887 0.078031 0.091280 0.031006 0.066981 0.079051 0.028305 0.127214 0.064545 0.035803 0.053704 0.083006 0.140386 0.105906 0.132761 0.066981 0.021925 0.079051 0.041983 0.037975 0.037975 0.099671 0.053704 0.072716 0.069332 0.040029 1 0.017901 0.074887 0.072716 0.037975 0.076997 0.097230 0.064545 0.059372 0.045640 0.064545 0.122071 0.017901 0.037975 0.178117 0.111075 0.058007 0.069332 0.083006 0.041983 0.085852 0.028305 0.037975 0.490414 0.442495 0.511054 0.379536 0.464748 0.418871 0.464231 0.288096 0.458850 0.354430 0.333226 0.394644 0.384360 0.453758 0.313659 0.443219 0.421730 0.366870 0.463021 0.351935 0.474135 0.374649 0.497711 0.448251 0.416954 0.439589 0.496422 0.521912 0.432793 0.302211 0.344341 0.329600 0.352617 0.509484 0.419444 0.431310 0.479344 0.443399 0.366433 0.370131 0.406445 0.440499 0.367307 0.293059 0.386024 0.375290 0.382060 0.408412 0.255370 0.373579 0.655178 0.519604 0.655667 0.579244 0.625655 0.755581 0.444662 0.697582 0.623988 0.698615 0.536745 0.557681 0.599364 0.517906 0.546654 0.571446 0.573126 0.773914 0.806857 0.510583 0.633291 0.497550 0.770178 0.505854 0.614152 0.656522 0.489270 0.493184 0.598428 0.629103 0.686118 0.744902 0.603626 0.511837 0.564250 0.716840 0.605349 0.568353 0.479344 0.591967 0.620899 0.572006 0.519604 0.650638 0.635690 0.574522 0.527257 0.549869 0.574940 0.510427 
0.017901 0.063291 0.069332 0.085852 0.035803 0.082035 0.076997 0.028305 0.119417 0.056609 0.047363 0.056609 0.072716 0.130938 0.110352 0.144326 0.073810 0.021925 0.090398 0.055176 0.045640 0.049025 0.094725 0.056609 0.081052 0.062012 0.043849 0.017901 1 0.072716 0.068167 0.037975 0.090398 0.108152 0.056609 0.043849 0.041983 0.056609 0.113924 0.017901 0.033490 0.166011 0.105147 0.063291 0.085852 0.072716 0.058007 0.080058 0.041983 0.028305 0.500120 0.452521 0.520683 0.385401 0.473289 0.427953 0.474810 0.292512 0.467841 0.362034 0.336099 0.403875 0.389742 0.463194 0.321728 0.452521 0.431495 0.375077 0.469209 0.358699 0.484498 0.382689 0.505696 0.457451 0.425701 0.448609 0.505062 0.531344 0.441952 0.308508 0.350338 0.335383 0.360260 0.518524 0.429261 0.442314 0.488942 0.449857 0.375930 0.376994 0.414641 0.450213 0.374649 0.296862 0.394238 0.384985 0.391178 0.417338 0.259107 0.382060 0.665852 0.528472 0.665370 0.589118 0.635564 0.765483 0.452166 0.707390 0.632658 0.709539 0.546800 0.566518 0.608912 0.525888 0.555378 0.581452 0.583103 0.785422 0.815940 0.517751 0.643332 0.506487 0.779689 0.514335 0.624758 0.666934 0.498033 0.502836 0.607727 0.638958 0.695397 0.756217 0.612846 0.521144 0.573545 0.726168 0.616106 0.578690 0.488942 0.601632 0.630629 0.581177 0.528472 0.660900 0.645942 0.583653 0.535100 0.559402 0.585708 0.520375 
