
---	Treino para o 0-fold	---
Max epochs   150000. Desired error: 0.0010000000.
Epochs            1. Current error: 0.0670254603. Bit fail 83.
Epochs          100. Current error: 0.0018169405. Bit fail 0.
Epochs          200. Current error: 0.0015923249. Bit fail 0.
Epochs          300. Current error: 0.0013458892. Bit fail 0.
Epochs          400. Current error: 0.0010308978. Bit fail 0.
Epochs          412. Current error: 0.0009969240. Bit fail 0.

---	Treino para o 1-fold	---
Max epochs   150000. Desired error: 0.0010000000.
Epochs            1. Current error: 0.0009489426. Bit fail 0.

---	Treino para o 2-fold	---
Max epochs   150000. Desired error: 0.0010000000.
Epochs            1. Current error: 0.0009740283. Bit fail 0.

---	Treino para o 3-fold	---
Max epochs   150000. Desired error: 0.0010000000.
Epochs            1. Current error: 0.0009435559. Bit fail 0.

---	Treino para o 4-fold	---
Max epochs   150000. Desired error: 0.0010000000.
Epochs            1. Current error: 0.0009265828. Bit fail 0.

---	Treino para o 5-fold	---
Max epochs   150000. Desired error: 0.0010000000.
Epochs            1. Current error: 0.0009380326. Bit fail 0.

---	Treino para o 6-fold	---
Max epochs   150000. Desired error: 0.0010000000.
Epochs            1. Current error: 0.0009554701. Bit fail 0.

---	Treino para o 7-fold	---
Max epochs   150000. Desired error: 0.0010000000.
Epochs            1. Current error: 0.0009351643. Bit fail 0.

---	Treino para o 8-fold	---
Max epochs   150000. Desired error: 0.0010000000.
Epochs            1. Current error: 0.0009086126. Bit fail 0.

---	Treino para o 9-fold	---
Max epochs   150000. Desired error: 0.0010000000.
Epochs            1. Current error: 0.0009211560. Bit fail 0.



>>>	ACURACIA: 0.004241
>>>	Hidden neurons: 2

1 0.000000 0.024814 0.021782 0.000000 0.132666 0.044404 0.021782 0.000000 0.035527 0.021782 0.041194 0.045835 0.115758 0.053446 0.101490 0.077598 0.044404 0.094403 0.060220 0.058773 0.101490 0.125908 0.170495 0.090055 0.041194 0.117092 0.021782 0.000000 0.041194 0.041194 0.101490 0.035527 0.000000 0.035527 0.053446 0.024814 0.035527 0.024814 0.021782 0.037597 0.037597 0.024814 0.193485 0.162142 0.044404 0.041194 0.000000 0.021782 0.000000 0.587601 0.590848 0.602139 0.551493 0.593798 0.570734 0.604935 0.467424 0.574261 0.559768 0.479890 0.581456 0.508292 0.587601 0.533992 0.577916 0.590848 0.513529 0.590848 0.518953 0.621473 0.551493 0.602139 0.566853 0.563367 0.577916 0.590644 0.619219 0.590848 0.479890 0.513857 0.491708 0.533724 0.614640 0.590848 0.599627 0.596661 0.567104 0.555565 0.551493 0.555300 0.584467 0.538285 0.467424 0.559522 0.547032 0.559522 0.563367 0.467633 0.555565 0.664693 0.632970 0.652680 0.636198 0.654901 0.645330 0.513427 0.625369 0.627228 0.619845 0.560181 0.602294 0.610282 0.599493 0.612736 0.594417 0.574526 0.610457 0.666746 0.590290 0.617453 0.563609 0.651529 0.578042 0.588173 0.593930 0.559760 0.534016 0.617116 0.587679 0.634634 0.591427 0.623586 0.538047 0.562639 0.648130 0.591478 0.559646 0.524435 0.602700 0.623852 0.610613 0.577896 0.619568 0.619764 0.651713 0.631220 0.639557 0.653920 0.627424 
0.000000 1 0.024814 0.021782 0.000000 0.132666 0.044404 0.021782 0.000000 0.035527 0.021782 0.041194 0.045835 0.115758 0.053446 0.101490 0.077598 0.044404 0.094403 0.060220 0.058773 0.101490 0.125908 0.170495 0.090055 0.041194 0.117092 0.021782 0.000000 0.041194 0.041194 0.101490 0.035527 0.000000 0.035527 0.053446 0.024814 0.035527 0.024814 0.021782 0.037597 0.037597 0.024814 0.193485 0.162142 0.044404 0.041194 0.000000 0.021782 0.000000 0.587601 0.590848 0.602139 0.551493 0.593798 0.570734 0.604935 0.467424 0.574261 0.559768 0.479890 0.581456 0.508292 0.587601 0.533992 0.577916 0.590848 0.513529 0.590848 0.518953 0.621473 0.551493 0.602139 0.566853 0.563367 0.577916 0.590644 0.619219 0.590848 0.479890 0.513857 0.491708 0.533724 0.614640 0.590848 0.599627 0.596661 0.567104 0.555565 0.551493 0.555300 0.584467 0.538285 0.467424 0.559522 0.547032 0.559522 0.563367 0.467633 0.555565 0.664693 0.632970 0.652680 0.636198 0.654901 0.645330 0.513427 0.625369 0.627228 0.619845 0.560181 0.602294 0.610282 0.599493 0.612736 0.594417 0.574526 0.610457 0.666746 0.590290 0.617453 0.563609 0.651529 0.578042 0.588173 0.593930 0.559760 0.534016 0.617116 0.587679 0.634634 0.591427 0.623586 0.538047 0.562639 0.648130 0.591478 0.559646 0.524435 0.602700 0.623852 0.610613 0.577896 0.619568 0.619764 0.651713 0.631220 0.639557 0.653920 0.627424 
0.024814 0.024814 1 0.046540 0.024814 0.153189 0.061744 0.046540 0.024814 0.041010 0.046540 0.065842 0.038044 0.092148 0.028687 0.119977 0.088299 0.061744 0.116663 0.080897 0.083264 0.119977 0.101402 0.189867 0.114115 0.065842 0.136920 0.046540 0.024814 0.065842 0.065842 0.119977 0.041010 0.024814 0.041010 0.028687 0.000000 0.041010 0.000000 0.046540 0.044914 0.044914 0.000000 0.211324 0.183183 0.061744 0.065842 0.024814 0.046540 0.024814 0.605242 0.608474 0.619717 0.569300 0.611411 0.588453 0.622500 0.485688 0.591964 0.577531 0.498089 0.599121 0.526335 0.605242 0.551877 0.595600 0.608474 0.531544 0.608474 0.536933 0.638969 0.569300 0.619717 0.584591 0.581120 0.595600 0.608272 0.636725 0.608474 0.498089 0.531863 0.509843 0.551622 0.632165 0.608474 0.617214 0.614263 0.584839 0.573353 0.569300 0.573093 0.602122 0.556161 0.485688 0.577292 0.564866 0.577292 0.581120 0.485845 0.573353 0.682025 0.650421 0.670056 0.653637 0.672268 0.662734 0.531447 0.642851 0.644702 0.637350 0.577953 0.619872 0.627827 0.617083 0.630269 0.612030 0.592230 0.628001 0.684071 0.607920 0.634967 0.581364 0.668910 0.595728 0.605814 0.611545 0.577534 0.551922 0.634631 0.605322 0.652079 0.609053 0.641075 0.555933 0.580399 0.665523 0.609104 0.577421 0.542394 0.620276 0.641340 0.628155 0.595584 0.637074 0.637269 0.669092 0.648677 0.656983 0.671291 0.644897 
0.021782 0.021782 0.046540 1 0.021782 0.114657 0.034912 0.000000 0.021782 0.045370 0.000000 0.019464 0.062019 0.137244 0.075062 0.086155 0.071884 0.034912 0.074982 0.043887 0.037144 0.086155 0.147160 0.153308 0.068739 0.019464 0.099994 0.000000 0.021782 0.019464 0.019464 0.086155 0.045370 0.021782 0.045370 0.075062 0.046540 0.045370 0.046540 0.000000 0.041691 0.041691 0.046540 0.177599 0.143406 0.034912 0.019464 0.021782 0.000000 0.021782 0.571065 0.574323 0.585647 0.534843 0.577281 0.554145 0.588452 0.450461 0.557683 0.543149 0.462970 0.564904 0.491478 0.571065 0.517291 0.561351 0.574323 0.496735 0.574323 0.502184 0.605037 0.534843 0.585647 0.550250 0.546755 0.561351 0.574117 0.602776 0.574323 0.462970 0.497070 0.474832 0.517012 0.598184 0.574323 0.583129 0.580153 0.550503 0.538928 0.534843 0.538659 0.567921 0.521588 0.450461 0.542897 0.530364 0.542897 0.546755 0.450714 0.538928 0.648370 0.616565 0.636327 0.619802 0.638553 0.628958 0.496628 0.608943 0.610807 0.603404 0.543554 0.585802 0.593814 0.582993 0.596275 0.577901 0.557947 0.593989 0.650428 0.573763 0.601005 0.546994 0.635173 0.561476 0.571638 0.577413 0.543133 0.517296 0.600666 0.571142 0.618233 0.574902 0.607155 0.521342 0.546020 0.631765 0.574953 0.543017 0.507679 0.586209 0.607422 0.594146 0.561329 0.603126 0.603323 0.635358 0.614810 0.623170 0.637570 0.611004 
0.000000 0.000000 0.024814 0.021782 1 0.132666 0.044404 0.021782 0.000000 0.035527 0.021782 0.041194 0.045835 0.115758 0.053446 0.101490 0.077598 0.044404 0.094403 0.060220 0.058773 0.101490 0.125908 0.170495 0.090055 0.041194 0.117092 0.021782 0.000000 0.041194 0.041194 0.101490 0.035527 0.000000 0.035527 0.053446 0.024814 0.035527 0.024814 0.021782 0.037597 0.037597 0.024814 0.193485 0.162142 0.044404 0.041194 0.000000 0.021782 0.000000 0.587601 0.590848 0.602139 0.551493 0.593798 0.570734 0.604935 0.467424 0.574261 0.559768 0.479890 0.581456 0.508292 0.587601 0.533992 0.577916 0.590848 0.513529 0.590848 0.518953 0.621473 0.551493 0.602139 0.566853 0.563367 0.577916 0.590644 0.619219 0.590848 0.479890 0.513857 0.491708 0.533724 0.614640 0.590848 0.599627 0.596661 0.567104 0.555565 0.551493 0.555300 0.584467 0.538285 0.467424 0.559522 0.547032 0.559522 0.563367 0.467633 0.555565 0.664693 0.632970 0.652680 0.636198 0.654901 0.645330 0.513427 0.625369 0.627228 0.619845 0.560181 0.602294 0.610282 0.599493 0.612736 0.594417 0.574526 0.610457 0.666746 0.590290 0.617453 0.563609 0.651529 0.578042 0.588173 0.593930 0.559760 0.534016 0.617116 0.587679 0.634634 0.591427 0.623586 0.538047 0.562639 0.648130 0.591478 0.559646 0.524435 0.602700 0.623852 0.610613 0.577896 0.619568 0.619764 0.651713 0.631220 0.639557 0.653920 0.627424 
0.132666 0.132666 0.153189 0.114657 0.132666 1 0.091873 0.114657 0.132666 0.159215 0.114657 0.098558 0.176639 0.244211 0.177024 0.036322 0.082660 0.091873 0.041128 0.072552 0.083953 0.036322 0.238731 0.039336 0.058503 0.098558 0.017206 0.114657 0.132666 0.098558 0.098558 0.036322 0.159215 0.132666 0.159215 0.177024 0.153189 0.159215 0.153189 0.114657 0.114223 0.114223 0.153189 0.066277 0.030360 0.091873 0.098558 0.132666 0.114657 0.132666 0.456781 0.460046 0.471391 0.420493 0.463010 0.439829 0.474202 0.335955 0.443374 0.428817 0.348482 0.450611 0.377039 0.456781 0.402913 0.447050 0.460046 0.382306 0.460046 0.387768 0.490817 0.420493 0.471391 0.435926 0.432426 0.447050 0.459839 0.488552 0.460046 0.348482 0.382646 0.360363 0.402627 0.483951 0.460046 0.468869 0.465887 0.436181 0.424585 0.420493 0.424313 0.453632 0.407211 0.335955 0.428561 0.416003 0.428561 0.432426 0.336230 0.424585 0.534226 0.502365 0.522162 0.505608 0.524392 0.514780 0.382197 0.494729 0.496597 0.489180 0.429217 0.471546 0.479573 0.468732 0.482038 0.463630 0.443638 0.479748 0.536287 0.459484 0.486777 0.432664 0.521006 0.447174 0.457355 0.463140 0.428795 0.402906 0.486438 0.456858 0.504036 0.460625 0.492938 0.406960 0.431688 0.517592 0.460676 0.428678 0.393270 0.471953 0.493206 0.479905 0.447026 0.488902 0.489099 0.521191 0.500608 0.508982 0.523408 0.496794 
0.044404 0.044404 0.061744 0.034912 0.044404 0.091873 1 0.034912 0.044404 0.077688 0.034912 0.034851 0.090240 0.152350 0.085273 0.058253 0.037105 0.000000 0.058346 0.021758 0.041820 0.058253 0.150560 0.128126 0.063077 0.034851 0.075331 0.034912 0.044404 0.034851 0.034851 0.058253 0.077688 0.044404 0.077688 0.085273 0.061744 0.077688 0.061744 0.034912 0.024930 0.024930 0.061744 0.149902 0.122098 0.000000 0.034851 0.044404 0.034912 0.044404 0.544031 0.547270 0.558539 0.508008 0.550214 0.527203 0.561329 0.424201 0.530722 0.516260 0.436628 0.537898 0.464937 0.544031 0.490548 0.534368 0.547270 0.470158 0.547270 0.475562 0.577834 0.508008 0.558539 0.523332 0.519854 0.534368 0.547068 0.575584 0.547270 0.436628 0.470481 0.448407 0.490288 0.571014 0.547270 0.556031 0.553072 0.523581 0.512070 0.508008 0.511808 0.540904 0.494837 0.424201 0.516018 0.503561 0.516018 0.519854 0.424377 0.512070 0.620980 0.589309 0.608986 0.592532 0.611203 0.601649 0.470059 0.581723 0.583579 0.576210 0.516677 0.558694 0.566666 0.555898 0.569114 0.550833 0.530988 0.566840 0.623029 0.546715 0.573822 0.520097 0.607837 0.534495 0.544604 0.550348 0.516258 0.490584 0.573485 0.544110 0.590971 0.547850 0.579943 0.494604 0.519130 0.604444 0.547901 0.516144 0.481033 0.559098 0.580209 0.566995 0.534350 0.575933 0.576129 0.608020 0.587562 0.595886 0.610224 0.583773 
0.021782 0.021782 0.046540 0.000000 0.021782 0.114657 0.034912 1 0.021782 0.045370 0.000000 0.019464 0.062019 0.137244 0.075062 0.086155 0.071884 0.034912 0.074982 0.043887 0.037144 0.086155 0.147160 0.153308 0.068739 0.019464 0.099994 0.000000 0.021782 0.019464 0.019464 0.086155 0.045370 0.021782 0.045370 0.075062 0.046540 0.045370 0.046540 0.000000 0.041691 0.041691 0.046540 0.177599 0.143406 0.034912 0.019464 0.021782 0.000000 0.021782 0.571065 0.574323 0.585647 0.534843 0.577281 0.554145 0.588452 0.450461 0.557683 0.543149 0.462970 0.564904 0.491478 0.571065 0.517291 0.561351 0.574323 0.496735 0.574323 0.502184 0.605037 0.534843 0.585647 0.550250 0.546755 0.561351 0.574117 0.602776 0.574323 0.462970 0.497070 0.474832 0.517012 0.598184 0.574323 0.583129 0.580153 0.550503 0.538928 0.534843 0.538659 0.567921 0.521588 0.450461 0.542897 0.530364 0.542897 0.546755 0.450714 0.538928 0.648370 0.616565 0.636327 0.619802 0.638553 0.628958 0.496628 0.608943 0.610807 0.603404 0.543554 0.585802 0.593814 0.582993 0.596275 0.577901 0.557947 0.593989 0.650428 0.573763 0.601005 0.546994 0.635173 0.561476 0.571638 0.577413 0.543133 0.517296 0.600666 0.571142 0.618233 0.574902 0.607155 0.521342 0.546020 0.631765 0.574953 0.543017 0.507679 0.586209 0.607422 0.594146 0.561329 0.603126 0.603323 0.635358 0.614810 0.623170 0.637570 0.611004 
0.000000 0.000000 0.024814 0.021782 0.000000 0.132666 0.044404 0.021782 1 0.035527 0.021782 0.041194 0.045835 0.115758 0.053446 0.101490 0.077598 0.044404 0.094403 0.060220 0.058773 0.101490 0.125908 0.170495 0.090055 0.041194 0.117092 0.021782 0.000000 0.041194 0.041194 0.101490 0.035527 0.000000 0.035527 0.053446 0.024814 0.035527 0.024814 0.021782 0.037597 0.037597 0.024814 0.193485 0.162142 0.044404 0.041194 0.000000 0.021782 0.000000 0.587601 0.590848 0.602139 0.551493 0.593798 0.570734 0.604935 0.467424 0.574261 0.559768 0.479890 0.581456 0.508292 0.587601 0.533992 0.577916 0.590848 0.513529 0.590848 0.518953 0.621473 0.551493 0.602139 0.566853 0.563367 0.577916 0.590644 0.619219 0.590848 0.479890 0.513857 0.491708 0.533724 0.614640 0.590848 0.599627 0.596661 0.567104 0.555565 0.551493 0.555300 0.584467 0.538285 0.467424 0.559522 0.547032 0.559522 0.563367 0.467633 0.555565 0.664693 0.632970 0.652680 0.636198 0.654901 0.645330 0.513427 0.625369 0.627228 0.619845 0.560181 0.602294 0.610282 0.599493 0.612736 0.594417 0.574526 0.610457 0.666746 0.590290 0.617453 0.563609 0.651529 0.578042 0.588173 0.593930 0.559760 0.534016 0.617116 0.587679 0.634634 0.591427 0.623586 0.538047 0.562639 0.648130 0.591478 0.559646 0.524435 0.602700 0.623852 0.610613 0.577896 0.619568 0.619764 0.651713 0.631220 0.639557 0.653920 0.627424 
0.035527 0.035527 0.041010 0.045370 0.035527 0.159215 0.077688 0.045370 0.035527 1 0.045370 0.060861 0.021797 0.107427 0.062293 0.131524 0.112664 0.077688 0.118718 0.089257 0.077237 0.131524 0.131842 0.198182 0.108654 0.060861 0.145060 0.045370 0.035527 0.060861 0.060861 0.131524 0.000000 0.035527 0.000000 0.062293 0.041010 0.000000 0.041010 0.045370 0.072997 0.072997 0.041010 0.222859 0.187234 0.077688 0.060861 0.035527 0.045370 0.035527 0.615953 0.619216 0.630553 0.579687 0.622178 0.599012 0.633361 0.495169 0.602555 0.588006 0.507697 0.609786 0.536251 0.615953 0.562114 0.606228 0.619216 0.541517 0.619216 0.546977 0.649964 0.579687 0.630553 0.595112 0.591613 0.606228 0.619009 0.647700 0.619216 0.507697 0.541856 0.519578 0.561830 0.643104 0.619216 0.628032 0.625053 0.595366 0.583777 0.579687 0.583506 0.612806 0.566412 0.495169 0.587751 0.575199 0.587751 0.591613 0.495445 0.583777 0.693338 0.661503 0.681284 0.664743 0.683512 0.673908 0.541408 0.653874 0.655740 0.648328 0.588407 0.630708 0.638728 0.627896 0.641192 0.622797 0.602819 0.638903 0.695397 0.618655 0.645927 0.591852 0.680129 0.606352 0.616527 0.622308 0.587985 0.562110 0.645588 0.616030 0.663173 0.619794 0.652083 0.566162 0.590876 0.676718 0.619846 0.587869 0.552477 0.631115 0.652351 0.639061 0.606205 0.648050 0.648247 0.680314 0.659747 0.668115 0.682529 0.655936 
0.021782 0.021782 0.046540 0.000000 0.021782 0.114657 0.034912 0.000000 0.021782 0.045370 1 0.019464 0.062019 0.137244 0.075062 0.086155 0.071884 0.034912 0.074982 0.043887 0.037144 0.086155 0.147160 0.153308 0.068739 0.019464 0.099994 0.000000 0.021782 0.019464 0.019464 0.086155 0.045370 0.021782 0.045370 0.075062 0.046540 0.045370 0.046540 0.000000 0.041691 0.041691 0.046540 0.177599 0.143406 0.034912 0.019464 0.021782 0.000000 0.021782 0.571065 0.574323 0.585647 0.534843 0.577281 0.554145 0.588452 0.450461 0.557683 0.543149 0.462970 0.564904 0.491478 0.571065 0.517291 0.561351 0.574323 0.496735 0.574323 0.502184 0.605037 0.534843 0.585647 0.550250 0.546755 0.561351 0.574117 0.602776 0.574323 0.462970 0.497070 0.474832 0.517012 0.598184 0.574323 0.583129 0.580153 0.550503 0.538928 0.534843 0.538659 0.567921 0.521588 0.450461 0.542897 0.530364 0.542897 0.546755 0.450714 0.538928 0.648370 0.616565 0.636327 0.619802 0.638553 0.628958 0.496628 0.608943 0.610807 0.603404 0.543554 0.585802 0.593814 0.582993 0.596275 0.577901 0.557947 0.593989 0.650428 0.573763 0.601005 0.546994 0.635173 0.561476 0.571638 0.577413 0.543133 0.517296 0.600666 0.571142 0.618233 0.574902 0.607155 0.521342 0.546020 0.631765 0.574953 0.543017 0.507679 0.586209 0.607422 0.594146 0.561329 0.603126 0.603323 0.635358 0.614810 0.623170 0.637570 0.611004 
0.041194 0.041194 0.065842 0.019464 0.041194 0.098558 0.034851 0.019464 0.041194 0.060861 0.019464 1 0.079613 0.156688 0.094200 0.073511 0.070192 0.034851 0.057865 0.032896 0.017727 0.073511 0.165824 0.137713 0.049525 0.000000 0.085062 0.019464 0.041194 0.000000 0.000000 0.073511 0.060861 0.041194 0.060861 0.094200 0.065842 0.060861 0.065842 0.019464 0.051764 0.051764 0.065842 0.163098 0.126373 0.034851 0.000000 0.041194 0.019464 0.041194 0.555332 0.558598 0.569945 0.519034 0.561563 0.538376 0.572756 0.434440 0.541922 0.527362 0.446977 0.549161 0.475555 0.555332 0.501448 0.545599 0.558598 0.480826 0.558598 0.486293 0.589374 0.519034 0.569945 0.534472 0.530970 0.545599 0.558391 0.587107 0.558598 0.446977 0.481167 0.458867 0.501160 0.582507 0.558598 0.567423 0.564440 0.534727 0.523127 0.519034 0.522855 0.552183 0.505746 0.434440 0.527105 0.514541 0.527105 0.530970 0.434729 0.523127 0.632783 0.600922 0.620719 0.604165 0.622949 0.613337 0.480716 0.593286 0.595154 0.587736 0.527760 0.570100 0.578128 0.567286 0.580593 0.562182 0.542186 0.578303 0.634844 0.558036 0.585332 0.531208 0.619563 0.545722 0.555906 0.561693 0.527338 0.501437 0.584994 0.555409 0.602593 0.559177 0.591494 0.505494 0.530232 0.616150 0.559228 0.527221 0.491796 0.570507 0.591762 0.578460 0.545575 0.587458 0.587655 0.619749 0.599165 0.607540 0.621965 0.595351 
0.045835 0.045835 0.038044 0.062019 0.045835 0.176639 0.090240 0.062019 0.045835 0.021797 0.062019 0.079613 1 0.085973 0.049238 0.146867 0.122256 0.090240 0.136907 0.104983 0.096751 0.146867 0.113695 0.215117 0.128547 0.079613 0.161706 0.062019 0.045835 0.079613 0.079613 0.146867 0.021797 0.045835 0.021797 0.049238 0.038044 0.021797 0.038044 0.062019 0.079763 0.079763 0.038044 0.238806 0.205401 0.090240 0.079613 0.045835 0.062019 0.045835 0.632716 0.635970 0.647280 0.596543 0.638925 0.615819 0.650081 0.512276 0.619353 0.604836 0.524771 0.626562 0.553241 0.632716 0.579011 0.623015 0.635970 0.558491 0.635970 0.563930 0.666644 0.596543 0.647280 0.611930 0.608439 0.623015 0.635765 0.664386 0.635970 0.524771 0.558823 0.536617 0.578736 0.659800 0.635970 0.644764 0.641793 0.612182 0.600622 0.596543 0.600355 0.629577 0.583307 0.512276 0.604587 0.592071 0.604587 0.608439 0.512512 0.600622 0.709924 0.678158 0.697896 0.681391 0.700119 0.690535 0.558386 0.670546 0.672408 0.665013 0.605244 0.647435 0.655436 0.644629 0.657893 0.639544 0.619618 0.655611 0.711980 0.635411 0.662617 0.608680 0.696743 0.623141 0.633290 0.639056 0.604823 0.579023 0.662280 0.632794 0.679824 0.636549 0.668760 0.583064 0.607707 0.693339 0.636600 0.604708 0.569421 0.647841 0.669027 0.655767 0.622994 0.664736 0.664933 0.696927 0.676405 0.684755 0.699137 0.672604 
0.115758 0.115758 0.092148 0.137244 0.115758 0.244211 0.152350 0.137244 0.115758 0.107427 0.137244 0.156688 0.085973 1 0.067352 0.209683 0.171239 0.152350 0.208729 0.172605 0.174389 0.209683 0.051250 0.279566 0.205813 0.156688 0.227528 0.137244 0.115758 0.156688 0.156688 0.209683 0.107427 0.115758 0.107427 0.067352 0.092148 0.107427 0.092148 0.137244 0.130948 0.130948 0.092148 0.298978 0.274447 0.152350 0.156688 0.115758 0.137244 0.115758 0.690613 0.693809 0.704939 0.655054 0.696716 0.674003 0.707693 0.572446 0.677476 0.663187 0.584704 0.684550 0.612611 0.690613 0.637810 0.681071 0.693809 0.617757 0.693809 0.623070 0.723999 0.655054 0.704939 0.670186 0.666748 0.681071 0.693612 0.721777 0.693809 0.584704 0.618059 0.596318 0.637580 0.717263 0.693809 0.702458 0.699539 0.670428 0.659064 0.655054 0.658814 0.687525 0.642069 0.572446 0.662961 0.650677 0.662961 0.666748 0.572517 0.659064 0.766658 0.735341 0.754796 0.738528 0.756988 0.747541 0.617669 0.727846 0.729679 0.722398 0.663623 0.705094 0.712968 0.702332 0.715386 0.697332 0.677743 0.713141 0.768685 0.693264 0.720038 0.666995 0.753660 0.681201 0.691182 0.696853 0.663207 0.637895 0.719705 0.690695 0.736985 0.694388 0.726086 0.641858 0.666043 0.750304 0.694437 0.663098 0.628482 0.705494 0.726349 0.713292 0.681060 0.722124 0.722318 0.753839 0.733614 0.741842 0.756019 0.729870 
0.053446 0.053446 0.028687 0.075062 0.053446 0.177024 0.085273 0.075062 0.053446 0.062293 0.075062 0.094200 0.049238 0.067352 1 0.142335 0.104825 0.085273 0.142516 0.106001 0.111407 0.142335 0.072859 0.212215 0.141709 0.094200 0.160260 0.075062 0.053446 0.094200 0.094200 0.142335 0.062293 0.053446 0.062293 0.000000 0.028687 0.062293 0.028687 0.075062 0.063632 0.063632 0.028687 0.231893 0.207315 0.085273 0.094200 0.053446 0.075062 0.053446 0.624420 0.627629 0.638804 0.588716 0.630549 0.607742 0.641569 0.505758 0.611229 0.596886 0.518064 0.618335 0.546087 0.624420 0.571406 0.614840 0.627629 0.551255 0.627629 0.556594 0.657939 0.588716 0.638804 0.603908 0.600457 0.614840 0.627431 0.655708 0.627629 0.518064 0.551562 0.529725 0.571167 0.651177 0.627629 0.636314 0.633383 0.604152 0.592743 0.588716 0.592489 0.621320 0.575675 0.505758 0.596655 0.584319 0.596655 0.600457 0.505855 0.592743 0.700758 0.669325 0.688853 0.672524 0.691053 0.681570 0.551163 0.661800 0.663640 0.656331 0.597317 0.638958 0.646864 0.636186 0.649292 0.631166 0.611496 0.647038 0.702793 0.627081 0.653962 0.600704 0.687713 0.614969 0.624990 0.630685 0.596900 0.571478 0.653628 0.624501 0.670975 0.628209 0.660034 0.575458 0.599747 0.684344 0.628259 0.596790 0.562024 0.639360 0.660298 0.647190 0.614827 0.656056 0.656251 0.687893 0.667591 0.675850 0.690081 0.663833 
0.101490 0.101490 0.119977 0.086155 0.101490 0.036322 0.058253 0.086155 0.101490 0.131524 0.086155 0.073511 0.146867 0.209683 0.142335 1 0.046734 0.058253 0.029693 0.042268 0.063383 0.000000 0.202547 0.069992 0.051333 0.073511 0.019162 0.086155 0.101490 0.073511 0.073511 0.000000 0.131524 0.101490 0.131524 0.142335 0.119977 0.131524 0.119977 0.086155 0.078923 0.078923 0.119977 0.091997 0.066365 0.058253 0.073511 0.101490 0.086155 0.101490 0.486122 0.489368 0.500656 0.450035 0.492317 0.469264 0.503451 0.366077 0.472789 0.458303 0.378522 0.479980 0.406880 0.486122 0.432546 0.476442 0.489368 0.412111 0.489368 0.417527 0.519986 0.450035 0.500656 0.465385 0.461901 0.476442 0.489164 0.517731 0.489368 0.378522 0.412437 0.390321 0.432281 0.513154 0.489368 0.498144 0.495180 0.465635 0.454104 0.450035 0.453839 0.482990 0.436838 0.366077 0.458058 0.445578 0.458058 0.461901 0.366268 0.454104 0.563204 0.531481 0.551190 0.534709 0.553411 0.543841 0.412010 0.523881 0.525740 0.518358 0.458717 0.500811 0.508797 0.498011 0.511250 0.492936 0.473054 0.508972 0.565257 0.488811 0.515966 0.462143 0.550040 0.476568 0.486695 0.492450 0.458297 0.432574 0.515629 0.486201 0.533145 0.489948 0.522098 0.436602 0.461174 0.546641 0.489999 0.458183 0.423005 0.501217 0.522364 0.509128 0.476423 0.518081 0.518277 0.550223 0.529731 0.538068 0.552431 0.525935 
0.077598 0.077598 0.088299 0.071884 0.077598 0.082660 0.037105 0.071884 0.077598 0.112664 0.071884 0.070192 0.122256 0.171239 0.104825 0.046734 1 0.037105 0.065081 0.042390 0.071531 0.046734 0.158352 0.111677 0.080113 0.070192 0.065745 0.071884 0.077598 0.070192 0.070192 0.046734 0.112664 0.077598 0.112664 0.104825 0.088299 0.112664 0.088299 0.071884 0.043385 0.043385 0.088299 0.128278 0.111980 0.037105 0.070192 0.077598 0.071884 0.077598 0.519617 0.522823 0.533991 0.483951 0.525741 0.502953 0.536754 0.401208 0.506438 0.492108 0.413471 0.513535 0.441409 0.519617 0.466666 0.510044 0.522823 0.446564 0.522823 0.451889 0.553118 0.483951 0.533991 0.499124 0.495677 0.510044 0.522625 0.550888 0.522823 0.413471 0.446868 0.425094 0.466431 0.546358 0.522823 0.531502 0.528573 0.499368 0.487972 0.483951 0.487719 0.516519 0.470931 0.401208 0.491880 0.479561 0.491880 0.495677 0.401280 0.487972 0.595934 0.564501 0.584027 0.567700 0.586228 0.576745 0.446475 0.556978 0.558818 0.551510 0.492542 0.534145 0.542047 0.531375 0.544474 0.526357 0.506704 0.542221 0.597969 0.522276 0.549142 0.495924 0.582887 0.510174 0.520187 0.525877 0.492124 0.466744 0.548808 0.519698 0.566151 0.523403 0.555212 0.470717 0.494968 0.579519 0.523453 0.492015 0.457310 0.534547 0.555476 0.542373 0.510031 0.551236 0.551430 0.583068 0.562768 0.571026 0.585256 0.559010 
0.044404 0.044404 0.061744 0.034912 0.044404 0.091873 0.000000 0.034912 0.044404 0.077688 0.034912 0.034851 0.090240 0.152350 0.085273 0.058253 0.037105 1 0.058346 0.021758 0.041820 0.058253 0.150560 0.128126 0.063077 0.034851 0.075331 0.034912 0.044404 0.034851 0.034851 0.058253 0.077688 0.044404 0.077688 0.085273 0.061744 0.077688 0.061744 0.034912 0.024930 0.024930 0.061744 0.149902 0.122098 0.000000 0.034851 0.044404 0.034912 0.044404 0.544031 0.547270 0.558539 0.508008 0.550214 0.527203 0.561329 0.424201 0.530722 0.516260 0.436628 0.537898 0.464937 0.544031 0.490548 0.534368 0.547270 0.470158 0.547270 0.475562 0.577834 0.508008 0.558539 0.523332 0.519854 0.534368 0.547068 0.575584 0.547270 0.436628 0.470481 0.448407 0.490288 0.571014 0.547270 0.556031 0.553072 0.523581 0.512070 0.508008 0.511808 0.540904 0.494837 0.424201 0.516018 0.503561 0.516018 0.519854 0.424377 0.512070 0.620980 0.589309 0.608986 0.592532 0.611203 0.601649 0.470059 0.581723 0.583579 0.576210 0.516677 0.558694 0.566666 0.555898 0.569114 0.550833 0.530988 0.566840 0.623029 0.546715 0.573822 0.520097 0.607837 0.534495 0.544604 0.550348 0.516258 0.490584 0.573485 0.544110 0.590971 0.547850 0.579943 0.494604 0.519130 0.604444 0.547901 0.516144 0.481033 0.559098 0.580209 0.566995 0.534350 0.575933 0.576129 0.608020 0.587562 0.595886 0.610224 0.583773 
0.094403 0.094403 0.116663 0.074982 0.094403 0.041128 0.058346 0.074982 0.094403 0.118718 0.074982 0.057865 0.136907 0.208729 0.142516 0.029693 0.065081 0.058346 1 0.036738 0.042825 0.029693 0.208881 0.080464 0.021957 0.057865 0.030458 0.074982 0.094403 0.057865 0.057865 0.029693 0.118718 0.094403 0.118718 0.142516 0.116663 0.118718 0.116663 0.074982 0.082964 0.082964 0.116663 0.106972 0.068555 0.058346 0.057865 0.094403 0.074982 0.094403 0.497619 0.500888 0.512242 0.461296 0.503854 0.480651 0.515055 0.376643 0.484199 0.469630 0.389187 0.491444 0.417783 0.497619 0.443700 0.487879 0.500888 0.423057 0.500888 0.428530 0.531684 0.461296 0.512242 0.476743 0.473240 0.487879 0.500680 0.529416 0.500888 0.389187 0.423401 0.401084 0.443408 0.524812 0.500888 0.509718 0.506734 0.476999 0.465391 0.461296 0.465118 0.494467 0.447997 0.376643 0.469372 0.456799 0.469372 0.473240 0.376942 0.465391 0.575122 0.543241 0.563050 0.546485 0.565282 0.555663 0.422946 0.535599 0.537468 0.530045 0.470026 0.512397 0.520430 0.509581 0.522898 0.504474 0.484462 0.520605 0.577184 0.500325 0.527640 0.473477 0.561894 0.488002 0.498193 0.503984 0.469604 0.443683 0.527301 0.497695 0.544912 0.501466 0.533806 0.447743 0.472499 0.558478 0.501517 0.469487 0.434035 0.512804 0.534074 0.520763 0.487854 0.529766 0.529964 0.562079 0.541482 0.549862 0.564297 0.537665 
0.060220 0.060220 0.080897 0.043887 0.060220 0.072552 0.021758 0.043887 0.060220 0.089257 0.043887 0.032896 0.104983 0.172605 0.106001 0.042268 0.042390 0.021758 0.036738 1 0.029422 0.042268 0.172284 0.110311 0.042437 0.032896 0.056885 0.043887 0.060220 0.032896 0.032896 0.042268 0.089257 0.060220 0.089257 0.106001 0.080897 0.089257 0.080897 0.043887 0.046635 0.046635 0.080897 0.133899 0.102339 0.021758 0.032896 0.060220 0.043887 0.060220 0.527737 0.530990 0.542298 0.491574 0.533944 0.510844 0.545099 0.407373 0.514376 0.499863 0.419855 0.521584 0.448300 0.527737 0.474049 0.518038 0.530990 0.453546 0.530990 0.458980 0.561661 0.491574 0.542298 0.506956 0.503466 0.518038 0.530785 0.559403 0.530990 0.419855 0.453876 0.431690 0.473776 0.554818 0.530990 0.539782 0.536812 0.507208 0.495652 0.491574 0.495385 0.524598 0.478344 0.407373 0.499615 0.487104 0.499615 0.503466 0.407597 0.495652 0.604943 0.573175 0.592913 0.576408 0.595137 0.585553 0.453441 0.565563 0.567424 0.560031 0.500273 0.542453 0.550453 0.539648 0.552911 0.534564 0.514641 0.550628 0.606999 0.530431 0.557635 0.503707 0.591761 0.518163 0.528310 0.534076 0.499852 0.474064 0.557297 0.527815 0.574841 0.531569 0.563777 0.478103 0.502735 0.588357 0.531620 0.499737 0.464468 0.542859 0.564044 0.550785 0.518017 0.559753 0.559950 0.591945 0.571422 0.579772 0.594155 0.567620 
0.058773 0.058773 0.083264 0.037144 0.058773 0.083953 0.041820 0.037144 0.058773 0.077237 0.037144 0.017727 0.096751 0.174389 0.111407 0.063383 0.071531 0.041820 0.042825 0.029422 1 0.063383 0.182457 0.123289 0.031907 0.017727 0.071965 0.037144 0.058773 0.017727 0.017727 0.063383 0.077237 0.058773 0.077237 0.111407 0.083264 0.077237 0.083264 0.037144 0.063645 0.063645 0.083264 0.149591 0.110597 0.041820 0.017727 0.058773 0.037144 0.058773 0.540197 0.543468 0.554830 0.503846 0.546436 0.523216 0.557645 0.419111 0.526767 0.512189 0.431665 0.534019 0.460290 0.540197 0.486239 0.530450 0.543468 0.465569 0.543468 0.471049 0.574284 0.503846 0.554830 0.519305 0.515800 0.530450 0.543259 0.572015 0.543468 0.431665 0.465916 0.443573 0.485943 0.567408 0.543468 0.552305 0.549318 0.519561 0.507945 0.503846 0.507670 0.537043 0.490536 0.419111 0.511928 0.499344 0.511928 0.515800 0.419429 0.507945 0.617746 0.585847 0.605668 0.589094 0.607900 0.598277 0.465456 0.578201 0.580071 0.572644 0.512581 0.554984 0.563023 0.552167 0.565492 0.547056 0.527030 0.563198 0.619809 0.542904 0.570237 0.516036 0.604511 0.530572 0.540770 0.546565 0.512160 0.486215 0.569898 0.540272 0.587520 0.544045 0.576407 0.490279 0.515057 0.601093 0.544097 0.512042 0.476556 0.555392 0.576675 0.563356 0.530424 0.572365 0.572563 0.604696 0.584088 0.592473 0.606915 0.580269 
0.101490 0.101490 0.119977 0.086155 0.101490 0.036322 0.058253 0.086155 0.101490 0.131524 0.086155 0.073511 0.146867 0.209683 0.142335 0.000000 0.046734 0.058253 0.029693 0.042268 0.063383 1 0.202547 0.069992 0.051333 0.073511 0.019162 0.086155 0.101490 0.073511 0.073511 0.000000 0.131524 0.101490 0.131524 0.142335 0.119977 0.131524 0.119977 0.086155 0.078923 0.078923 0.119977 0.091997 0.066365 0.058253 0.073511 0.101490 0.086155 0.101490 0.486122 0.489368 0.500656 0.450035 0.492317 0.469264 0.503451 0.366077 0.472789 0.458303 0.378522 0.479980 0.406880 0.486122 0.432546 0.476442 0.489368 0.412111 0.489368 0.417527 0.519986 0.450035 0.500656 0.465385 0.461901 0.476442 0.489164 0.517731 0.489368 0.378522 0.412437 0.390321 0.432281 0.513154 0.489368 0.498144 0.495180 0.465635 0.454104 0.450035 0.453839 0.482990 0.436838 0.366077 0.458058 0.445578 0.458058 0.461901 0.366268 0.454104 0.563204 0.531481 0.551190 0.534709 0.553411 0.543841 0.412010 0.523881 0.525740 0.518358 0.458717 0.500811 0.508797 0.498011 0.511250 0.492936 0.473054 0.508972 0.565257 0.488811 0.515966 0.462143 0.550040 0.476568 0.486695 0.492450 0.458297 0.432574 0.515629 0.486201 0.533145 0.489948 0.522098 0.436602 0.461174 0.546641 0.489999 0.458183 0.423005 0.501217 0.522364 0.509128 0.476423 0.518081 0.518277 0.550223 0.529731 0.538068 0.552431 0.525935 
0.125908 0.125908 0.101402 0.147160 0.125908 0.238731 0.150560 0.147160 0.125908 0.131842 0.147160 0.165824 0.113695 0.051250 0.072859 0.202547 0.158352 0.150560 0.208881 0.172284 0.182457 0.202547 1 0.270023 0.211349 0.165824 0.221532 0.147160 0.125908 0.165824 0.165824 0.202547 0.131842 0.125908 0.131842 0.072859 0.101402 0.131842 0.101402 0.147160 0.125987 0.125987 0.101402 0.285468 0.268911 0.150560 0.165824 0.125908 0.147160 0.125908 0.669982 0.673118 0.684058 0.635081 0.675976 0.653675 0.686763 0.554304 0.657085 0.643046 0.566284 0.664019 0.593557 0.669982 0.618159 0.660609 0.673118 0.598589 0.673118 0.603771 0.702800 0.635081 0.684058 0.649933 0.646555 0.660609 0.672928 0.700615 0.673118 0.566284 0.598866 0.577632 0.617963 0.696176 0.673118 0.681616 0.678750 0.650166 0.639015 0.635081 0.638779 0.666948 0.622363 0.554304 0.642839 0.630801 0.642839 0.646555 0.554250 0.639015 0.744813 0.713963 0.733124 0.717102 0.735283 0.725977 0.598514 0.706588 0.708391 0.701228 0.643500 0.684211 0.691953 0.681496 0.694329 0.676585 0.657351 0.692124 0.746812 0.672586 0.698906 0.646806 0.732005 0.660742 0.670545 0.676115 0.643090 0.618296 0.698579 0.670066 0.715583 0.673693 0.704856 0.622176 0.645874 0.728699 0.673742 0.642987 0.609087 0.684605 0.705115 0.692271 0.660605 0.700959 0.701149 0.732180 0.712263 0.720364 0.734328 0.708579 
0.170495 0.170495 0.189867 0.153308 0.170495 0.039336 0.128126 0.153308 0.170495 0.198182 0.153308 0.137713 0.215117 0.279566 0.212215 0.069992 0.111677 0.128126 0.080464 0.110311 0.123289 0.069992 0.270023 1 0.096967 0.137713 0.053435 0.153308 0.170495 0.137713 0.137713 0.069992 0.198182 0.170495 0.198182 0.212215 0.189867 0.198182 0.189867 0.153308 0.148652 0.148652 0.189867 0.028510 0.021819 0.128126 0.137713 0.170495 0.153308 0.170495 0.417787 0.421048 0.432380 0.381545 0.424008 0.400856 0.435187 0.297167 0.404396 0.389856 0.309670 0.411622 0.338170 0.417787 0.363987 0.408067 0.421048 0.343427 0.421048 0.348876 0.451786 0.381545 0.432380 0.396959 0.393462 0.408067 0.420841 0.449522 0.421048 0.309670 0.343762 0.321527 0.363707 0.444927 0.421048 0.429860 0.426882 0.397212 0.385631 0.381545 0.385362 0.414641 0.368284 0.297167 0.389603 0.377063 0.389603 0.393462 0.297412 0.385631 0.495156 0.463323 0.483102 0.466562 0.485330 0.475726 0.343320 0.455694 0.457560 0.450150 0.390259 0.432535 0.440553 0.429724 0.443016 0.424628 0.404661 0.440728 0.497216 0.420487 0.447749 0.393701 0.481947 0.408191 0.418360 0.424139 0.389838 0.363990 0.447411 0.417864 0.464992 0.421626 0.453905 0.368038 0.392727 0.478536 0.421678 0.389722 0.354372 0.432942 0.454172 0.440885 0.408044 0.449872 0.450069 0.482132 0.461567 0.469934 0.484347 0.457757 
0.090055 0.090055 0.114115 0.068739 0.090055 0.058503 0.063077 0.068739 0.090055 0.108654 0.068739 0.049525 0.128547 0.205813 0.141709 0.051333 0.080113 0.063077 0.021957 0.042437 0.031907 0.051333 0.211349 0.096967 1 0.049525 0.051275 0.068739 0.090055 0.049525 0.049525 0.051333 0.108654 0.090055 0.108654 0.141709 0.114115 0.108654 0.114115 0.068739 0.087761 0.087761 0.114115 0.124656 0.081683 0.063077 0.049525 0.090055 0.068739 0.090055 0.511202 0.514479 0.525857 0.474794 0.517452 0.494193 0.528677 0.389903 0.497749 0.483154 0.402474 0.505016 0.431148 0.511202 0.457164 0.501440 0.514479 0.436438 0.514479 0.441933 0.545342 0.474794 0.525857 0.490274 0.486765 0.501440 0.514269 0.543068 0.514479 0.402474 0.436791 0.414401 0.456858 0.538455 0.514479 0.523330 0.520337 0.490532 0.478898 0.474794 0.478620 0.508043 0.461457 0.389903 0.482888 0.470280 0.482888 0.486765 0.390268 0.478898 0.588861 0.556921 0.576768 0.560171 0.579003 0.569367 0.436320 0.549263 0.551136 0.543697 0.483537 0.526012 0.534062 0.523190 0.536536 0.518070 0.498011 0.534237 0.590927 0.513913 0.541287 0.486998 0.575609 0.501561 0.511774 0.517579 0.483116 0.457121 0.540948 0.511276 0.558595 0.515055 0.547466 0.461193 0.486017 0.572186 0.515107 0.482997 0.447443 0.526420 0.547735 0.534397 0.501412 0.543418 0.543616 0.575795 0.555158 0.563555 0.578017 0.551334 
0.041194 0.041194 0.065842 0.019464 0.041194 0.098558 0.034851 0.019464 0.041194 0.060861 0.019464 0.000000 0.079613 0.156688 0.094200 0.073511 0.070192 0.034851 0.057865 0.032896 0.017727 0.073511 0.165824 0.137713 0.049525 1 0.085062 0.019464 0.041194 0.000000 0.000000 0.073511 0.060861 0.041194 0.060861 0.094200 0.065842 0.060861 0.065842 0.019464 0.051764 0.051764 0.065842 0.163098 0.126373 0.034851 0.000000 0.041194 0.019464 0.041194 0.555332 0.558598 0.569945 0.519034 0.561563 0.538376 0.572756 0.434440 0.541922 0.527362 0.446977 0.549161 0.475555 0.555332 0.501448 0.545599 0.558598 0.480826 0.558598 0.486293 0.589374 0.519034 0.569945 0.534472 0.530970 0.545599 0.558391 0.587107 0.558598 0.446977 0.481167 0.458867 0.501160 0.582507 0.558598 0.567423 0.564440 0.534727 0.523127 0.519034 0.522855 0.552183 0.505746 0.434440 0.527105 0.514541 0.527105 0.530970 0.434729 0.523127 0.632783 0.600922 0.620719 0.604165 0.622949 0.613337 0.480716 0.593286 0.595154 0.587736 0.527760 0.570100 0.578128 0.567286 0.580593 0.562182 0.542186 0.578303 0.634844 0.558036 0.585332 0.531208 0.619563 0.545722 0.555906 0.561693 0.527338 0.501437 0.584994 0.555409 0.602593 0.559177 0.591494 0.505494 0.530232 0.616150 0.559228 0.527221 0.491796 0.570507 0.591762 0.578460 0.545575 0.587458 0.587655 0.619749 0.599165 0.607540 0.621965 0.595351 
0.117092 0.117092 0.136920 0.099994 0.117092 0.017206 0.075331 0.099994 0.117092 0.145060 0.099994 0.085062 0.161706 0.227528 0.160260 0.019162 0.065745 0.075331 0.030458 0.056885 0.071965 0.019162 0.221532 0.053435 0.051275 0.085062 1 0.099994 0.117092 0.085062 0.085062 0.019162 0.145060 0.117092 0.145060 0.160260 0.136920 0.145060 0.136920 0.099994 0.097225 0.097225 0.136920 0.078036 0.047454 0.075331 0.085062 0.117092 0.099994 0.117092 0.471079 0.474337 0.485658 0.434872 0.477294 0.454165 0.488463 0.350570 0.457702 0.443174 0.363064 0.464920 0.391541 0.471079 0.417329 0.461369 0.474337 0.396793 0.474337 0.402236 0.505045 0.434872 0.485658 0.450272 0.446778 0.461369 0.474131 0.502784 0.474337 0.363064 0.397127 0.374912 0.417052 0.498193 0.474337 0.483140 0.480166 0.450525 0.438955 0.434872 0.438687 0.467937 0.421625 0.350570 0.442923 0.430396 0.442923 0.446778 0.350806 0.438955 0.548377 0.516572 0.536333 0.519809 0.538559 0.528964 0.396688 0.508951 0.510815 0.503412 0.443580 0.485813 0.493823 0.483005 0.496284 0.477914 0.457967 0.493998 0.550434 0.473777 0.501013 0.447018 0.535179 0.461494 0.471653 0.477426 0.443159 0.417338 0.500675 0.471157 0.518240 0.474916 0.507163 0.421381 0.446045 0.531771 0.474967 0.443043 0.407729 0.486220 0.507430 0.494155 0.461347 0.503134 0.503331 0.535364 0.514817 0.523177 0.537577 0.511011 
0.021782 0.021782 0.046540 0.000000 0.021782 0.114657 0.034912 0.000000 0.021782 0.045370 0.000000 0.019464 0.062019 0.137244 0.075062 0.086155 0.071884 0.034912 0.074982 0.043887 0.037144 0.086155 0.147160 0.153308 0.068739 0.019464 0.099994 1 0.021782 0.019464 0.019464 0.086155 0.045370 0.021782 0.045370 0.075062 0.046540 0.045370 0.046540 0.000000 0.041691 0.041691 0.046540 0.177599 0.143406 0.034912 0.019464 0.021782 0.000000 0.021782 0.571065 0.574323 0.585647 0.534843 0.577281 0.554145 0.588452 0.450461 0.557683 0.543149 0.462970 0.564904 0.491478 0.571065 0.517291 0.561351 0.574323 0.496735 0.574323 0.502184 0.605037 0.534843 0.585647 0.550250 0.546755 0.561351 0.574117 0.602776 0.574323 0.462970 0.497070 0.474832 0.517012 0.598184 0.574323 0.583129 0.580153 0.550503 0.538928 0.534843 0.538659 0.567921 0.521588 0.450461 0.542897 0.530364 0.542897 0.546755 0.450714 0.538928 0.648370 0.616565 0.636327 0.619802 0.638553 0.628958 0.496628 0.608943 0.610807 0.603404 0.543554 0.585802 0.593814 0.582993 0.596275 0.577901 0.557947 0.593989 0.650428 0.573763 0.601005 0.546994 0.635173 0.561476 0.571638 0.577413 0.543133 0.517296 0.600666 0.571142 0.618233 0.574902 0.607155 0.521342 0.546020 0.631765 0.574953 0.543017 0.507679 0.586209 0.607422 0.594146 0.561329 0.603126 0.603323 0.635358 0.614810 0.623170 0.637570 0.611004 
