
---	Treino para o 0-fold	---
Max epochs   150000. Desired error: 0.0010000000.
Epochs            1. Current error: 0.0658859983. Bit fail 79.
Epochs          100. Current error: 0.0019046477. Bit fail 0.
Epochs          200. Current error: 0.0011163648. Bit fail 0.
Epochs          215. Current error: 0.0009960980. Bit fail 0.

---	Treino para o 1-fold	---
Max epochs   150000. Desired error: 0.0010000000.
Epochs            1. Current error: 0.0009456910. Bit fail 0.

---	Treino para o 2-fold	---
Max epochs   150000. Desired error: 0.0010000000.
Epochs            1. Current error: 0.0010369731. Bit fail 0.
Epochs            2. Current error: 0.0009746443. Bit fail 0.

---	Treino para o 3-fold	---
Max epochs   150000. Desired error: 0.0010000000.
Epochs            1. Current error: 0.0009743798. Bit fail 0.

---	Treino para o 4-fold	---
Max epochs   150000. Desired error: 0.0010000000.
Epochs            1. Current error: 0.0010179130. Bit fail 0.
Epochs            2. Current error: 0.0009686102. Bit fail 0.

---	Treino para o 5-fold	---
Max epochs   150000. Desired error: 0.0010000000.
Epochs            1. Current error: 0.0009665540. Bit fail 0.

---	Treino para o 6-fold	---
Max epochs   150000. Desired error: 0.0010000000.
Epochs            1. Current error: 0.0010182790. Bit fail 0.
Epochs            2. Current error: 0.0009938318. Bit fail 0.

---	Treino para o 7-fold	---
Max epochs   150000. Desired error: 0.0010000000.
Epochs            1. Current error: 0.0009095309. Bit fail 0.

---	Treino para o 8-fold	---
Max epochs   150000. Desired error: 0.0010000000.
Epochs            1. Current error: 0.0008511429. Bit fail 0.

---	Treino para o 9-fold	---
Max epochs   150000. Desired error: 0.0010000000.
Epochs            1. Current error: 0.0008501405. Bit fail 0.



>>>	ACURACIA: 0.003857
>>>	Hidden neurons: 3

1 0.000000 0.019750 0.019326 0.000000 0.087224 0.054605 0.019326 0.000000 0.066955 0.019326 0.038384 0.054045 0.055201 0.040209 0.098974 0.122341 0.054605 0.050092 0.045728 0.057255 0.098974 0.085695 0.136716 0.094573 0.038384 0.091321 0.019326 0.000000 0.038384 0.038384 0.098974 0.066955 0.000000 0.066955 0.040209 0.019750 0.066955 0.019750 0.019326 0.068173 0.068173 0.019750 0.197877 0.091009 0.054605 0.038384 0.000000 0.019326 0.000000 0.472495 0.493765 0.498829 0.432718 0.494259 0.445391 0.522146 0.330667 0.449679 0.465277 0.337298 0.495362 0.367544 0.472495 0.433717 0.465585 0.493765 0.375560 0.493765 0.378390 0.582322 0.432718 0.498829 0.441831 0.438520 0.465585 0.475878 0.548775 0.493765 0.337298 0.374053 0.347230 0.402705 0.524368 0.493765 0.523868 0.495270 0.441665 0.434035 0.432718 0.422823 0.469644 0.405446 0.330667 0.435972 0.412900 0.435972 0.438520 0.366969 0.434035 0.761177 0.606296 0.644320 0.573331 0.676140 0.529743 0.289095 0.541147 0.468836 0.383001 0.354468 0.361180 0.353900 0.290345 0.227247 0.281924 0.438401 0.559567 0.570223 0.399678 0.343791 0.276500 0.566202 0.317766 0.416543 0.515614 0.310946 0.371899 0.366536 0.520332 0.496595 0.571256 0.350045 0.447685 0.521006 0.436599 0.337021 0.457990 0.365132 0.341529 0.304163 0.245925 0.325307 0.375956 0.296077 0.737165 0.609216 0.635110 0.726550 0.575978 
0.000000 1 0.019750 0.019326 0.000000 0.087224 0.054605 0.019326 0.000000 0.066955 0.019326 0.038384 0.054045 0.055201 0.040209 0.098974 0.122341 0.054605 0.050092 0.045728 0.057255 0.098974 0.085695 0.136716 0.094573 0.038384 0.091321 0.019326 0.000000 0.038384 0.038384 0.098974 0.066955 0.000000 0.066955 0.040209 0.019750 0.066955 0.019750 0.019326 0.068173 0.068173 0.019750 0.197877 0.091009 0.054605 0.038384 0.000000 0.019326 0.000000 0.472495 0.493765 0.498829 0.432718 0.494259 0.445391 0.522146 0.330667 0.449679 0.465277 0.337298 0.495362 0.367544 0.472495 0.433717 0.465585 0.493765 0.375560 0.493765 0.378390 0.582322 0.432718 0.498829 0.441831 0.438520 0.465585 0.475878 0.548775 0.493765 0.337298 0.374053 0.347230 0.402705 0.524368 0.493765 0.523868 0.495270 0.441665 0.434035 0.432718 0.422823 0.469644 0.405446 0.330667 0.435972 0.412900 0.435972 0.438520 0.366969 0.434035 0.761177 0.606296 0.644320 0.573331 0.676140 0.529743 0.289095 0.541147 0.468836 0.383001 0.354468 0.361180 0.353900 0.290345 0.227247 0.281924 0.438401 0.559567 0.570223 0.399678 0.343791 0.276500 0.566202 0.317766 0.416543 0.515614 0.310946 0.371899 0.366536 0.520332 0.496595 0.571256 0.350045 0.447685 0.521006 0.436599 0.337021 0.457990 0.365132 0.341529 0.304163 0.245925 0.325307 0.375956 0.296077 0.737165 0.609216 0.635110 0.726550 0.575978 
0.019750 0.019750 1 0.039047 0.019750 0.087988 0.046025 0.039047 0.019750 0.082804 0.039047 0.058062 0.067386 0.047546 0.020515 0.091822 0.109769 0.046025 0.062487 0.044648 0.076885 0.091822 0.066458 0.132470 0.114114 0.058062 0.087917 0.039047 0.019750 0.058062 0.058062 0.091822 0.082804 0.019750 0.082804 0.020515 0.000000 0.082804 0.000000 0.039047 0.054771 0.054771 0.000000 0.189703 0.099411 0.046025 0.058062 0.019750 0.039047 0.019750 0.480268 0.498493 0.506058 0.437582 0.499629 0.453756 0.526487 0.336113 0.458675 0.467619 0.344628 0.498131 0.378751 0.480268 0.435528 0.471411 0.498493 0.387390 0.498493 0.386671 0.584328 0.437582 0.506058 0.453240 0.445547 0.471411 0.484263 0.553329 0.498493 0.344628 0.381550 0.356263 0.408812 0.531091 0.498493 0.526986 0.501272 0.449373 0.439637 0.437582 0.432487 0.476786 0.412323 0.336113 0.442297 0.421232 0.442297 0.445547 0.367279 0.439637 0.760914 0.608576 0.647963 0.579665 0.678108 0.548326 0.307131 0.560263 0.486842 0.401942 0.372076 0.380069 0.373024 0.307902 0.243177 0.300993 0.457090 0.577626 0.584917 0.417948 0.363002 0.295451 0.584218 0.337002 0.434899 0.534424 0.330012 0.389107 0.385182 0.539334 0.515044 0.588758 0.367976 0.466003 0.539950 0.453234 0.354898 0.475885 0.381809 0.360791 0.322631 0.264257 0.344572 0.395193 0.315320 0.735723 0.610986 0.636650 0.725853 0.579615 
0.019326 0.019326 0.039047 1 0.019326 0.090885 0.067845 0.000000 0.019326 0.053780 0.000000 0.019073 0.045499 0.067253 0.059423 0.109210 0.136446 0.067845 0.043647 0.054413 0.037964 0.109210 0.104413 0.143579 0.075328 0.019073 0.098627 0.000000 0.019326 0.019073 0.019073 0.109210 0.053780 0.019326 0.053780 0.059423 0.039047 0.053780 0.039047 0.000000 0.083868 0.083868 0.039047 0.207581 0.086493 0.067845 0.019073 0.019326 0.000000 0.019326 0.465481 0.489825 0.492335 0.428750 0.489668 0.437813 0.518556 0.326376 0.441440 0.463794 0.331044 0.493397 0.357150 0.465481 0.432827 0.460576 0.489825 0.364490 0.489825 0.371035 0.581004 0.428750 0.492335 0.431093 0.432331 0.460576 0.468230 0.544935 0.489825 0.331044 0.367521 0.339173 0.397533 0.518357 0.489825 0.521510 0.490034 0.434770 0.429313 0.428750 0.413939 0.463283 0.399479 0.326376 0.430508 0.405416 0.430508 0.432331 0.367747 0.429313 0.761962 0.604676 0.641293 0.567655 0.674766 0.511343 0.271409 0.522176 0.451072 0.364252 0.337198 0.342495 0.334958 0.273196 0.212073 0.263074 0.419909 0.541717 0.555920 0.381656 0.324756 0.257787 0.548397 0.298711 0.398421 0.496974 0.292083 0.355053 0.348117 0.501485 0.478347 0.553994 0.332424 0.429592 0.502221 0.420326 0.319470 0.440350 0.348872 0.322436 0.285978 0.227949 0.306217 0.356883 0.277022 0.739139 0.608105 0.634202 0.727792 0.573030 
0.000000 0.000000 0.019750 0.019326 1 0.087224 0.054605 0.019326 0.000000 0.066955 0.019326 0.038384 0.054045 0.055201 0.040209 0.098974 0.122341 0.054605 0.050092 0.045728 0.057255 0.098974 0.085695 0.136716 0.094573 0.038384 0.091321 0.019326 0.000000 0.038384 0.038384 0.098974 0.066955 0.000000 0.066955 0.040209 0.019750 0.066955 0.019750 0.019326 0.068173 0.068173 0.019750 0.197877 0.091009 0.054605 0.038384 0.000000 0.019326 0.000000 0.472495 0.493765 0.498829 0.432718 0.494259 0.445391 0.522146 0.330667 0.449679 0.465277 0.337298 0.495362 0.367544 0.472495 0.433717 0.465585 0.493765 0.375560 0.493765 0.378390 0.582322 0.432718 0.498829 0.441831 0.438520 0.465585 0.475878 0.548775 0.493765 0.337298 0.374053 0.347230 0.402705 0.524368 0.493765 0.523868 0.495270 0.441665 0.434035 0.432718 0.422823 0.469644 0.405446 0.330667 0.435972 0.412900 0.435972 0.438520 0.366969 0.434035 0.761177 0.606296 0.644320 0.573331 0.676140 0.529743 0.289095 0.541147 0.468836 0.383001 0.354468 0.361180 0.353900 0.290345 0.227247 0.281924 0.438401 0.559567 0.570223 0.399678 0.343791 0.276500 0.566202 0.317766 0.416543 0.515614 0.310946 0.371899 0.366536 0.520332 0.496595 0.571256 0.350045 0.447685 0.521006 0.436599 0.337021 0.457990 0.365132 0.341529 0.304163 0.245925 0.325307 0.375956 0.296077 0.737165 0.609216 0.635110 0.726550 0.575978 
0.087224 0.087224 0.087988 0.090885 0.087224 1 0.049704 0.090885 0.087224 0.142830 0.090885 0.098251 0.136368 0.134742 0.093520 0.038365 0.077577 0.049704 0.054491 0.043441 0.108445 0.038365 0.119137 0.054773 0.134324 0.098251 0.019116 0.090885 0.087224 0.098251 0.098251 0.038365 0.142830 0.087224 0.142830 0.093520 0.087988 0.142830 0.087988 0.090885 0.062092 0.062092 0.087988 0.122480 0.037937 0.049704 0.098251 0.087224 0.090885 0.087224 0.397984 0.412228 0.422786 0.351454 0.413943 0.372696 0.439932 0.250691 0.378973 0.380285 0.261995 0.410876 0.305807 0.397984 0.348166 0.386241 0.412228 0.316550 0.412228 0.305705 0.497035 0.351454 0.422786 0.380342 0.362069 0.386241 0.403149 0.466919 0.412228 0.261995 0.299060 0.277204 0.324073 0.447016 0.412228 0.439830 0.416282 0.367049 0.354244 0.351454 0.354537 0.393427 0.328682 0.250691 0.357791 0.340220 0.357791 0.362069 0.280290 0.354244 0.674440 0.521296 0.561026 0.495020 0.590847 0.522961 0.337775 0.548500 0.453815 0.415646 0.405265 0.362776 0.362504 0.273463 0.197726 0.315531 0.474625 0.602601 0.525099 0.389320 0.356583 0.313125 0.550356 0.332091 0.458160 0.548133 0.343124 0.425564 0.362956 0.548107 0.487782 0.619756 0.335989 0.489193 0.550358 0.407319 0.385802 0.504139 0.422626 0.359866 0.298927 0.240700 0.347039 0.391277 0.310823 0.650192 0.523716 0.549417 0.639676 0.492667 
0.054605 0.054605 0.046025 0.067845 0.054605 0.049704 1 0.067845 0.054605 0.120771 0.067845 0.083332 0.108650 0.090695 0.045675 0.045809 0.068612 0.000000 0.057640 0.019442 0.099918 0.045809 0.072666 0.087020 0.134522 0.083332 0.043848 0.067845 0.054605 0.083332 0.083332 0.045809 0.120771 0.054605 0.120771 0.045675 0.046025 0.120771 0.046025 0.067845 0.019859 0.019859 0.046025 0.144096 0.075481 0.000000 0.083332 0.054605 0.067845 0.054605 0.447202 0.460384 0.471932 0.399795 0.462461 0.421907 0.487791 0.299565 0.428083 0.426515 0.311274 0.457478 0.353572 0.447202 0.393889 0.435010 0.460384 0.363763 0.460384 0.354921 0.542741 0.399795 0.471932 0.428197 0.411228 0.435010 0.452357 0.514887 0.460384 0.311274 0.348320 0.326214 0.373042 0.496031 0.460384 0.486711 0.465085 0.416278 0.402964 0.399795 0.403415 0.442580 0.377847 0.299565 0.406782 0.389434 0.406782 0.411228 0.324265 0.402964 0.717207 0.567264 0.608214 0.543873 0.636420 0.552543 0.336842 0.571564 0.486709 0.424796 0.403296 0.387739 0.384079 0.305936 0.234373 0.323474 0.481948 0.606137 0.569140 0.419900 0.376024 0.319313 0.583918 0.350558 0.462192 0.557843 0.352101 0.421760 0.390332 0.560505 0.518139 0.619829 0.367821 0.493394 0.561878 0.445688 0.385058 0.505488 0.416178 0.376484 0.326525 0.267557 0.361774 0.409665 0.328879 0.691225 0.569134 0.594552 0.681838 0.539923 
0.019326 0.019326 0.039047 0.000000 0.019326 0.090885 0.067845 1 0.019326 0.053780 0.000000 0.019073 0.045499 0.067253 0.059423 0.109210 0.136446 0.067845 0.043647 0.054413 0.037964 0.109210 0.104413 0.143579 0.075328 0.019073 0.098627 0.000000 0.019326 0.019073 0.019073 0.109210 0.053780 0.019326 0.053780 0.059423 0.039047 0.053780 0.039047 0.000000 0.083868 0.083868 0.039047 0.207581 0.086493 0.067845 0.019073 0.019326 0.000000 0.019326 0.465481 0.489825 0.492335 0.428750 0.489668 0.437813 0.518556 0.326376 0.441440 0.463794 0.331044 0.493397 0.357150 0.465481 0.432827 0.460576 0.489825 0.364490 0.489825 0.371035 0.581004 0.428750 0.492335 0.431093 0.432331 0.460576 0.468230 0.544935 0.489825 0.331044 0.367521 0.339173 0.397533 0.518357 0.489825 0.521510 0.490034 0.434770 0.429313 0.428750 0.413939 0.463283 0.399479 0.326376 0.430508 0.405416 0.430508 0.432331 0.367747 0.429313 0.761962 0.604676 0.641293 0.567655 0.674766 0.511343 0.271409 0.522176 0.451072 0.364252 0.337198 0.342495 0.334958 0.273196 0.212073 0.263074 0.419909 0.541717 0.555920 0.381656 0.324756 0.257787 0.548397 0.298711 0.398421 0.496974 0.292083 0.355053 0.348117 0.501485 0.478347 0.553994 0.332424 0.429592 0.502221 0.420326 0.319470 0.440350 0.348872 0.322436 0.285978 0.227949 0.306217 0.356883 0.277022 0.739139 0.608105 0.634202 0.727792 0.573030 
0.000000 0.000000 0.019750 0.019326 0.000000 0.087224 0.054605 0.019326 1 0.066955 0.019326 0.038384 0.054045 0.055201 0.040209 0.098974 0.122341 0.054605 0.050092 0.045728 0.057255 0.098974 0.085695 0.136716 0.094573 0.038384 0.091321 0.019326 0.000000 0.038384 0.038384 0.098974 0.066955 0.000000 0.066955 0.040209 0.019750 0.066955 0.019750 0.019326 0.068173 0.068173 0.019750 0.197877 0.091009 0.054605 0.038384 0.000000 0.019326 0.000000 0.472495 0.493765 0.498829 0.432718 0.494259 0.445391 0.522146 0.330667 0.449679 0.465277 0.337298 0.495362 0.367544 0.472495 0.433717 0.465585 0.493765 0.375560 0.493765 0.378390 0.582322 0.432718 0.498829 0.441831 0.438520 0.465585 0.475878 0.548775 0.493765 0.337298 0.374053 0.347230 0.402705 0.524368 0.493765 0.523868 0.495270 0.441665 0.434035 0.432718 0.422823 0.469644 0.405446 0.330667 0.435972 0.412900 0.435972 0.438520 0.366969 0.434035 0.761177 0.606296 0.644320 0.573331 0.676140 0.529743 0.289095 0.541147 0.468836 0.383001 0.354468 0.361180 0.353900 0.290345 0.227247 0.281924 0.438401 0.559567 0.570223 0.399678 0.343791 0.276500 0.566202 0.317766 0.416543 0.515614 0.310946 0.371899 0.366536 0.520332 0.496595 0.571256 0.350045 0.447685 0.521006 0.436599 0.337021 0.457990 0.365132 0.341529 0.304163 0.245925 0.325307 0.375956 0.296077 0.737165 0.609216 0.635110 0.726550 0.575978 
0.066955 0.066955 0.082804 0.053780 0.066955 0.142830 0.120771 0.053780 0.066955 1 0.053780 0.045221 0.019143 0.080196 0.100451 0.162989 0.189092 0.120771 0.090470 0.108193 0.043792 0.162989 0.141170 0.196584 0.061345 0.045221 0.152040 0.053780 0.066955 0.045221 0.045221 0.162989 0.000000 0.066955 0.000000 0.100451 0.082804 0.000000 0.082804 0.053780 0.135118 0.135118 0.082804 0.261288 0.130880 0.120771 0.045221 0.066955 0.053780 0.066955 0.496920 0.527847 0.524850 0.467025 0.526374 0.468054 0.557142 0.364778 0.469980 0.506387 0.365335 0.535062 0.380501 0.496920 0.476506 0.496559 0.527847 0.385687 0.527847 0.402376 0.623502 0.467025 0.524850 0.452637 0.465906 0.496559 0.498093 0.582932 0.527847 0.365335 0.400825 0.369124 0.433568 0.551850 0.527847 0.562382 0.525381 0.466693 0.466071 0.467025 0.440987 0.496271 0.433786 0.364778 0.465698 0.436140 0.465698 0.465906 0.414145 0.466071 0.807452 0.646603 0.680580 0.601696 0.716961 0.494548 0.226686 0.496709 0.440481 0.326597 0.290575 0.324037 0.312305 0.269697 0.221246 0.227213 0.379607 0.497254 0.563673 0.369682 0.299793 0.220258 0.536767 0.273655 0.355607 0.457859 0.256212 0.307009 0.332782 0.464801 0.463329 0.507127 0.324397 0.386547 0.464700 0.419693 0.273993 0.395042 0.299300 0.294101 0.274137 0.219638 0.276273 0.329481 0.252549 0.786312 0.650883 0.677260 0.773980 0.612654 
0.019326 0.019326 0.039047 0.000000 0.019326 0.090885 0.067845 0.000000 0.019326 0.053780 1 0.019073 0.045499 0.067253 0.059423 0.109210 0.136446 0.067845 0.043647 0.054413 0.037964 0.109210 0.104413 0.143579 0.075328 0.019073 0.098627 0.000000 0.019326 0.019073 0.019073 0.109210 0.053780 0.019326 0.053780 0.059423 0.039047 0.053780 0.039047 0.000000 0.083868 0.083868 0.039047 0.207581 0.086493 0.067845 0.019073 0.019326 0.000000 0.019326 0.465481 0.489825 0.492335 0.428750 0.489668 0.437813 0.518556 0.326376 0.441440 0.463794 0.331044 0.493397 0.357150 0.465481 0.432827 0.460576 0.489825 0.364490 0.489825 0.371035 0.581004 0.428750 0.492335 0.431093 0.432331 0.460576 0.468230 0.544935 0.489825 0.331044 0.367521 0.339173 0.397533 0.518357 0.489825 0.521510 0.490034 0.434770 0.429313 0.428750 0.413939 0.463283 0.399479 0.326376 0.430508 0.405416 0.430508 0.432331 0.367747 0.429313 0.761962 0.604676 0.641293 0.567655 0.674766 0.511343 0.271409 0.522176 0.451072 0.364252 0.337198 0.342495 0.334958 0.273196 0.212073 0.263074 0.419909 0.541717 0.555920 0.381656 0.324756 0.257787 0.548397 0.298711 0.398421 0.496974 0.292083 0.355053 0.348117 0.501485 0.478347 0.553994 0.332424 0.429592 0.502221 0.420326 0.319470 0.440350 0.348872 0.322436 0.285978 0.227949 0.306217 0.356883 0.277022 0.739139 0.608105 0.634202 0.727792 0.573030 
0.038384 0.038384 0.058062 0.019073 0.038384 0.098251 0.083332 0.019073 0.038384 0.045221 0.019073 1 0.044180 0.081684 0.078345 0.121585 0.151547 0.083332 0.045253 0.067541 0.018899 0.121585 0.122842 0.152557 0.056284 0.000000 0.108853 0.019073 0.038384 0.000000 0.000000 0.121585 0.045221 0.038384 0.045221 0.078345 0.058062 0.045221 0.058062 0.019073 0.100625 0.100625 0.058062 0.218510 0.086205 0.083332 0.000000 0.038384 0.019073 0.038384 0.459211 0.486643 0.486556 0.425647 0.485827 0.431007 0.515685 0.323212 0.433949 0.463125 0.325852 0.492197 0.347575 0.459211 0.432809 0.456358 0.486643 0.354188 0.486643 0.364597 0.580335 0.425647 0.486556 0.421024 0.426961 0.456358 0.461304 0.541779 0.486643 0.325852 0.361940 0.332089 0.393273 0.513033 0.486643 0.519874 0.485540 0.428673 0.425443 0.425647 0.405827 0.457684 0.394403 0.323212 0.425882 0.398769 0.425882 0.426961 0.369538 0.425443 0.763235 0.603682 0.638853 0.562616 0.673952 0.493105 0.254060 0.503325 0.433530 0.345664 0.320256 0.323984 0.316162 0.256451 0.197714 0.244403 0.401590 0.524062 0.541998 0.363861 0.305857 0.239275 0.530786 0.279796 0.380510 0.478481 0.273388 0.338562 0.329899 0.482771 0.460277 0.536959 0.315095 0.411703 0.483573 0.404403 0.302229 0.422946 0.333026 0.303475 0.268051 0.210316 0.287260 0.337939 0.258111 0.741604 0.607614 0.633889 0.729541 0.570738 
0.054045 0.054045 0.067386 0.045499 0.054045 0.136368 0.108650 0.045499 0.054045 0.019143 0.045499 0.044180 1 0.061330 0.083682 0.152632 0.176019 0.108650 0.087224 0.098332 0.050449 0.152632 0.123348 0.188676 0.076226 0.044180 0.143469 0.045499 0.054045 0.044180 0.044180 0.152632 0.019143 0.054045 0.019143 0.083682 0.067386 0.019143 0.067386 0.045499 0.121320 0.121320 0.067386 0.251495 0.129482 0.108650 0.044180 0.054045 0.045499 0.054045 0.502424 0.530530 0.529943 0.469548 0.529665 0.474001 0.559573 0.367141 0.476576 0.506741 0.369521 0.535930 0.388812 0.502424 0.476238 0.500154 0.530530 0.394715 0.530530 0.407817 0.623951 0.469548 0.529943 0.461650 0.470512 0.500154 0.504215 0.585657 0.530530 0.369521 0.405472 0.375053 0.437086 0.556558 0.530530 0.563677 0.529277 0.471976 0.469295 0.469548 0.448098 0.501147 0.438052 0.367141 0.469617 0.441865 0.469617 0.470512 0.412194 0.469295 0.806167 0.647371 0.682720 0.606202 0.717601 0.512270 0.244895 0.515302 0.457265 0.345438 0.308249 0.341855 0.330588 0.284903 0.233272 0.246159 0.398238 0.515237 0.576754 0.386622 0.318282 0.239178 0.553778 0.292135 0.373961 0.476552 0.275142 0.324233 0.350188 0.483631 0.480798 0.524534 0.340602 0.404844 0.483492 0.434578 0.291967 0.412916 0.315937 0.312834 0.290910 0.235629 0.295088 0.348167 0.270957 0.783901 0.651184 0.677410 0.772239 0.614603 
0.055201 0.055201 0.047546 0.067253 0.055201 0.134742 0.090695 0.067253 0.055201 0.080196 0.067253 0.081684 0.061330 1 0.046970 0.135331 0.145690 0.090695 0.104378 0.091824 0.097409 0.135331 0.069773 0.177158 0.130771 0.081684 0.133764 0.067253 0.055201 0.081684 0.081684 0.135331 0.080196 0.055201 0.080196 0.046970 0.047546 0.080196 0.047546 0.067253 0.093373 0.093373 0.047546 0.230216 0.144000 0.090695 0.081684 0.055201 0.067253 0.055201 0.523587 0.543239 0.549689 0.482378 0.544165 0.496692 0.571299 0.380926 0.501091 0.512757 0.388507 0.543211 0.419063 0.523587 0.480710 0.515808 0.543239 0.426867 0.543239 0.429807 0.629314 0.482378 0.549689 0.493095 0.489390 0.515808 0.527133 0.598056 0.543239 0.388507 0.425235 0.398880 0.453192 0.574978 0.543239 0.572001 0.545551 0.492787 0.484175 0.482378 0.474346 0.520511 0.456310 0.380926 0.486515 0.464255 0.486515 0.489390 0.412417 0.484175 0.805370 0.653542 0.692791 0.623697 0.723006 0.567070 0.301884 0.572405 0.509731 0.403512 0.363637 0.397388 0.387314 0.334396 0.275827 0.304794 0.455672 0.570773 0.618779 0.439758 0.375556 0.297785 0.606590 0.349482 0.430766 0.534001 0.333632 0.378445 0.404662 0.541417 0.535000 0.578535 0.392116 0.461421 0.541183 0.482140 0.348154 0.468405 0.368762 0.370718 0.344164 0.287556 0.353227 0.405833 0.328227 0.779767 0.655934 0.681556 0.770195 0.624507 
0.040209 0.040209 0.020515 0.059423 0.040209 0.093520 0.045675 0.059423 0.040209 0.100451 0.059423 0.078345 0.083682 0.046970 1 0.088950 0.099652 0.045675 0.078579 0.052404 0.097076 0.088950 0.046294 0.131418 0.134139 0.078345 0.089323 0.059423 0.040209 0.078345 0.078345 0.088950 0.100451 0.040209 0.100451 0.000000 0.020515 0.100451 0.020515 0.059423 0.046445 0.046445 0.020515 0.183491 0.111207 0.045675 0.078345 0.040209 0.059423 0.040209 0.488856 0.504078 0.514076 0.443413 0.505841 0.462961 0.531646 0.342791 0.468480 0.470903 0.353091 0.501783 0.390812 0.488856 0.438355 0.478117 0.504078 0.400022 0.504078 0.395931 0.587094 0.443413 0.514076 0.465364 0.453472 0.478117 0.493437 0.558658 0.504078 0.353091 0.390069 0.366318 0.415922 0.538579 0.504078 0.530935 0.508100 0.457950 0.446187 0.443413 0.442977 0.484765 0.420170 0.342791 0.449544 0.430465 0.449544 0.453472 0.368797 0.446187 0.761237 0.611585 0.652282 0.586712 0.680732 0.567146 0.325587 0.579578 0.505146 0.421145 0.390083 0.399239 0.392409 0.325933 0.259890 0.320372 0.476039 0.595942 0.600042 0.436531 0.382471 0.314731 0.602494 0.356506 0.453550 0.553459 0.349369 0.406733 0.404127 0.558547 0.533749 0.606545 0.386283 0.484604 0.559109 0.470281 0.373164 0.494089 0.398955 0.380307 0.341460 0.283029 0.364099 0.414670 0.334844 0.734881 0.613484 0.638890 0.725767 0.584005 
0.098974 0.098974 0.091822 0.109210 0.098974 0.038365 0.045809 0.109210 0.098974 0.162989 0.109210 0.121585 0.152632 0.135331 0.088950 1 0.039350 0.045809 0.083777 0.054797 0.135424 0.000000 0.101018 0.043171 0.165788 0.121585 0.019257 0.109210 0.098974 0.121585 0.121585 0.000000 0.162989 0.098974 0.162989 0.088950 0.091822 0.162989 0.091822 0.109210 0.044471 0.044471 0.091822 0.098909 0.076269 0.045809 0.121585 0.098974 0.109210 0.098974 0.416990 0.424191 0.440356 0.364264 0.427374 0.393272 0.450807 0.266362 0.400857 0.386829 0.281922 0.418251 0.333312 0.416990 0.353642 0.400956 0.424191 0.345122 0.424191 0.326995 0.502215 0.364264 0.440356 0.407255 0.379777 0.400956 0.423452 0.478120 0.424191 0.281922 0.318690 0.300660 0.340126 0.463264 0.424191 0.447859 0.431140 0.386233 0.368759 0.364264 0.378140 0.411068 0.346455 0.266362 0.373941 0.361119 0.373941 0.379777 0.282490 0.368759 0.674039 0.527023 0.569722 0.510082 0.595650 0.560902 0.370127 0.586623 0.491307 0.451480 0.437347 0.400950 0.400504 0.311251 0.234869 0.350861 0.510024 0.636941 0.557154 0.427224 0.394362 0.347924 0.587634 0.369723 0.492528 0.584235 0.378801 0.456917 0.401114 0.584834 0.525651 0.652883 0.373781 0.523652 0.586893 0.443238 0.418335 0.537634 0.452799 0.397245 0.337105 0.278909 0.384067 0.428946 0.348374 0.647147 0.528258 0.553353 0.638332 0.501631 
0.122341 0.122341 0.109769 0.136446 0.122341 0.077577 0.068612 0.136446 0.122341 0.189092 0.136446 0.151547 0.176019 0.145690 0.099652 0.039350 1 0.068612 0.118926 0.084501 0.167318 0.039350 0.093866 0.061651 0.200091 0.151547 0.058544 0.136446 0.122341 0.151547 0.151547 0.039350 0.189092 0.122341 0.189092 0.099652 0.109769 0.189092 0.109769 0.136446 0.054999 0.054999 0.109769 0.087251 0.115334 0.068612 0.151547 0.122341 0.136446 0.122341 0.438908 0.439547 0.460820 0.380913 0.444084 0.416758 0.464950 0.286804 0.425464 0.397350 0.305836 0.429291 0.363208 0.438908 0.363485 0.419053 0.439547 0.375852 0.439547 0.351614 0.510547 0.380913 0.460820 0.436267 0.400775 0.419053 0.446508 0.492401 0.439547 0.305836 0.341938 0.327381 0.359976 0.482376 0.439547 0.459303 0.449155 0.408516 0.386938 0.380913 0.404406 0.431780 0.367790 0.286804 0.393570 0.385117 0.393570 0.400775 0.290215 0.386938 0.676071 0.535751 0.581132 0.527845 0.603148 0.599199 0.403799 0.625056 0.529251 0.487969 0.470608 0.439488 0.438889 0.349555 0.272806 0.387072 0.546070 0.671926 0.590299 0.465542 0.432562 0.383703 0.625352 0.407818 0.527687 0.620848 0.415251 0.489493 0.439646 0.622007 0.563899 0.686751 0.412039 0.558853 0.623893 0.479890 0.452032 0.571961 0.484348 0.435106 0.375685 0.317551 0.421642 0.467032 0.386418 0.646615 0.535819 0.560191 0.639546 0.513636 
0.054605 0.054605 0.046025 0.067845 0.054605 0.049704 0.000000 0.067845 0.054605 0.120771 0.067845 0.083332 0.108650 0.090695 0.045675 0.045809 0.068612 1 0.057640 0.019442 0.099918 0.045809 0.072666 0.087020 0.134522 0.083332 0.043848 0.067845 0.054605 0.083332 0.083332 0.045809 0.120771 0.054605 0.120771 0.045675 0.046025 0.120771 0.046025 0.067845 0.019859 0.019859 0.046025 0.144096 0.075481 0.000000 0.083332 0.054605 0.067845 0.054605 0.447202 0.460384 0.471932 0.399795 0.462461 0.421907 0.487791 0.299565 0.428083 0.426515 0.311274 0.457478 0.353572 0.447202 0.393889 0.435010 0.460384 0.363763 0.460384 0.354921 0.542741 0.399795 0.471932 0.428197 0.411228 0.435010 0.452357 0.514887 0.460384 0.311274 0.348320 0.326214 0.373042 0.496031 0.460384 0.486711 0.465085 0.416278 0.402964 0.399795 0.403415 0.442580 0.377847 0.299565 0.406782 0.389434 0.406782 0.411228 0.324265 0.402964 0.717207 0.567264 0.608214 0.543873 0.636420 0.552543 0.336842 0.571564 0.486709 0.424796 0.403296 0.387739 0.384079 0.305936 0.234373 0.323474 0.481948 0.606137 0.569140 0.419900 0.376024 0.319313 0.583918 0.350558 0.462192 0.557843 0.352101 0.421760 0.390332 0.560505 0.518139 0.619829 0.367821 0.493394 0.561878 0.445688 0.385058 0.505488 0.416178 0.376484 0.326525 0.267557 0.361774 0.409665 0.328879 0.691225 0.569134 0.594552 0.681838 0.539923 
0.050092 0.050092 0.062487 0.043647 0.050092 0.054491 0.057640 0.043647 0.050092 0.090470 0.043647 0.045253 0.087224 0.104378 0.078579 0.083777 0.118926 0.057640 1 0.038236 0.053955 0.083777 0.119021 0.109263 0.082027 0.045253 0.067992 0.043647 0.050092 0.045253 0.045253 0.083777 0.090470 0.050092 0.090470 0.078579 0.062487 0.090470 0.062487 0.043647 0.077375 0.077375 0.062487 0.176662 0.042871 0.057640 0.045253 0.050092 0.043647 0.050092 0.423263 0.446417 0.449822 0.385332 0.446397 0.395966 0.475104 0.282977 0.400110 0.420400 0.288328 0.449934 0.318070 0.423263 0.389566 0.417416 0.446417 0.326334 0.446417 0.328999 0.537629 0.385332 0.449822 0.392473 0.389637 0.417416 0.426445 0.501522 0.446417 0.288328 0.324974 0.297646 0.354402 0.475608 0.446417 0.478017 0.446959 0.392467 0.386058 0.385332 0.373181 0.420689 0.356665 0.282977 0.387496 0.363487 0.387496 0.389637 0.325153 0.386058 0.719208 0.561253 0.597809 0.524770 0.631378 0.496331 0.286401 0.514375 0.431762 0.369783 0.353639 0.330714 0.326825 0.251303 0.183052 0.268664 0.427702 0.553703 0.523809 0.364145 0.318814 0.265184 0.529147 0.293390 0.409349 0.502809 0.296997 0.373315 0.333718 0.504653 0.462187 0.569231 0.312664 0.440516 0.506275 0.394249 0.334620 0.454066 0.369570 0.319552 0.270056 0.211049 0.305133 0.352562 0.271720 0.696992 0.564768 0.590907 0.685255 0.529537 
0.045728 0.045728 0.044648 0.054413 0.045728 0.043441 0.019442 0.054413 0.045728 0.108193 0.054413 0.067541 0.098332 0.091824 0.052404 0.054797 0.084501 0.019442 0.038236 1 0.082885 0.054797 0.087156 0.091003 0.116370 0.067541 0.045599 0.054413 0.045728 0.067541 0.067541 0.054797 0.108193 0.045728 0.108193 0.052404 0.044648 0.108193 0.044648 0.054413 0.039270 0.039270 0.044648 0.153326 0.060433 0.019442 0.067541 0.045728 0.054413 0.045728 0.438464 0.454914 0.463825 0.394043 0.456308 0.412481 0.482786 0.292817 0.418017 0.423572 0.302530 0.454121 0.340988 0.438464 0.391468 0.428308 0.454914 0.350598 0.454914 0.345359 0.540321 0.394043 0.463825 0.415667 0.403183 0.428308 0.442991 0.509699 0.454914 0.302530 0.339563 0.315736 0.365866 0.488507 0.454914 0.483023 0.458262 0.407527 0.396421 0.394043 0.392585 0.434496 0.369861 0.292817 0.399474 0.379944 0.399474 0.403183 0.323379 0.396421 0.717334 0.564576 0.604113 0.536840 0.634126 0.533687 0.319679 0.552408 0.468235 0.406296 0.386424 0.368618 0.364891 0.287496 0.216807 0.305000 0.463698 0.588481 0.553698 0.401166 0.356849 0.301038 0.565514 0.331392 0.444369 0.539362 0.333551 0.405274 0.371334 0.541768 0.499360 0.602756 0.349253 0.475571 0.543219 0.428279 0.367935 0.488122 0.400255 0.357393 0.307558 0.248560 0.342767 0.390526 0.309713 0.692598 0.566996 0.592682 0.682414 0.535751 
0.057255 0.057255 0.076885 0.037964 0.057255 0.108445 0.099918 0.037964 0.057255 0.043792 0.037964 0.018899 0.050449 0.097409 0.097076 0.135424 0.167318 0.099918 0.053955 0.082885 1 0.135424 0.141107 0.163216 0.037394 0.018899 0.121155 0.037964 0.057255 0.018899 0.018899 0.135424 0.043792 0.057255 0.043792 0.097076 0.076885 0.043792 0.076885 0.037964 0.117914 0.117914 0.076885 0.230429 0.090032 0.099918 0.018899 0.057255 0.037964 0.057255 0.453683 0.484204 0.481488 0.423391 0.482724 0.424979 0.513517 0.321162 0.427212 0.463239 0.321730 0.491736 0.338849 0.453683 0.433626 0.452921 0.484204 0.344682 0.484204 0.359085 0.580293 0.423391 0.481488 0.411638 0.422406 0.452921 0.455103 0.539289 0.484204 0.321730 0.357315 0.325999 0.389916 0.508392 0.484204 0.518938 0.481776 0.423373 0.422414 0.423391 0.398500 0.452842 0.390214 0.321162 0.422085 0.392964 0.422085 0.422406 0.372286 0.422414 0.764971 0.603289 0.636983 0.558202 0.673677 0.475024 0.237072 0.484588 0.416211 0.327230 0.303658 0.305637 0.297499 0.240139 0.184285 0.225900 0.383440 0.506600 0.528464 0.346292 0.287082 0.220961 0.513367 0.261005 0.362812 0.460131 0.254850 0.322444 0.311876 0.464182 0.442382 0.520153 0.298069 0.394019 0.465055 0.388842 0.285315 0.405784 0.317620 0.284629 0.250387 0.193051 0.268421 0.319109 0.239327 0.744534 0.607720 0.634146 0.731771 0.569083 
0.098974 0.098974 0.091822 0.109210 0.098974 0.038365 0.045809 0.109210 0.098974 0.162989 0.109210 0.121585 0.152632 0.135331 0.088950 0.000000 0.039350 0.045809 0.083777 0.054797 0.135424 1 0.101018 0.043171 0.165788 0.121585 0.019257 0.109210 0.098974 0.121585 0.121585 0.000000 0.162989 0.098974 0.162989 0.088950 0.091822 0.162989 0.091822 0.109210 0.044471 0.044471 0.091822 0.098909 0.076269 0.045809 0.121585 0.098974 0.109210 0.098974 0.416990 0.424191 0.440356 0.364264 0.427374 0.393272 0.450807 0.266362 0.400857 0.386829 0.281922 0.418251 0.333312 0.416990 0.353642 0.400956 0.424191 0.345122 0.424191 0.326995 0.502215 0.364264 0.440356 0.407255 0.379777 0.400956 0.423452 0.478120 0.424191 0.281922 0.318690 0.300660 0.340126 0.463264 0.424191 0.447859 0.431140 0.386233 0.368759 0.364264 0.378140 0.411068 0.346455 0.266362 0.373941 0.361119 0.373941 0.379777 0.282490 0.368759 0.674039 0.527023 0.569722 0.510082 0.595650 0.560902 0.370127 0.586623 0.491307 0.451480 0.437347 0.400950 0.400504 0.311251 0.234869 0.350861 0.510024 0.636941 0.557154 0.427224 0.394362 0.347924 0.587634 0.369723 0.492528 0.584235 0.378801 0.456917 0.401114 0.584834 0.525651 0.652883 0.373781 0.523652 0.586893 0.443238 0.418335 0.537634 0.452799 0.397245 0.337105 0.278909 0.384067 0.428946 0.348374 0.647147 0.528258 0.553353 0.638332 0.501631 
0.085695 0.085695 0.066458 0.104413 0.085695 0.119137 0.072666 0.104413 0.085695 0.141170 0.104413 0.122842 0.123348 0.069773 0.046294 0.101018 0.093866 0.072666 0.119021 0.087156 0.141107 0.101018 1 0.141929 0.177355 0.122842 0.108955 0.104413 0.085695 0.122842 0.122842 0.101018 0.141170 0.085695 0.141170 0.046294 0.066458 0.141170 0.066458 0.104413 0.060066 0.060066 0.066458 0.180003 0.144341 0.072666 0.122842 0.085695 0.104413 0.085695 0.509146 0.518531 0.533140 0.458768 0.521494 0.484576 0.545113 0.360749 0.491188 0.481118 0.374249 0.512499 0.418220 0.509146 0.447938 0.494895 0.518531 0.428399 0.518531 0.418148 0.595588 0.458768 0.533140 0.492409 0.472736 0.494895 0.514810 0.572311 0.518531 0.374249 0.410960 0.390271 0.433935 0.556502 0.518531 0.542052 0.524923 0.478417 0.462891 0.458768 0.467126 0.503928 0.439540 0.360749 0.467554 0.452357 0.467554 0.472736 0.376541 0.462891 0.764206 0.620443 0.663546 0.603555 0.688550 0.606092 0.364660 0.619400 0.543296 0.461117 0.428071 0.439226 0.432793 0.364295 0.296570 0.361028 0.515408 0.633905 0.632128 0.475373 0.423032 0.355248 0.640383 0.397222 0.492450 0.592813 0.389860 0.443982 0.443710 0.598216 0.572555 0.643515 0.424822 0.523328 0.598678 0.506275 0.411677 0.532074 0.435391 0.420955 0.381095 0.322896 0.404822 0.455143 0.375682 0.735597 0.621325 0.646111 0.728032 0.595701 
0.136716 0.136716 0.132470 0.143579 0.136716 0.054773 0.087020 0.143579 0.136716 0.196584 0.143579 0.152557 0.188676 0.177158 0.131418 0.043171 0.061651 0.087020 0.109263 0.091003 0.163216 0.043171 0.141929 1 0.188195 0.152557 0.045408 0.143579 0.136716 0.152557 0.152557 0.043171 0.196584 0.136716 0.196584 0.131418 0.132470 0.196584 0.132470 0.143579 0.087536 0.087536 0.132470 0.068448 0.083907 0.087020 0.152557 0.136716 0.143579 0.136716 0.379103 0.382888 0.401546 0.323391 0.386612 0.356524 0.409118 0.227236 0.365050 0.344199 0.245355 0.375743 0.303297 0.379103 0.310876 0.360797 0.382888 0.316307 0.382888 0.291111 0.459358 0.323391 0.401546 0.376086 0.341228 0.360797 0.386401 0.436499 0.382888 0.245355 0.281649 0.266776 0.300811 0.423700 0.382888 0.405457 0.390978 0.348567 0.328594 0.323391 0.343862 0.372378 0.308076 0.227236 0.334555 0.324748 0.334555 0.341228 0.239467 0.328594 0.631167 0.484220 0.527388 0.469876 0.552746 0.554090 0.390344 0.586119 0.481455 0.463764 0.457904 0.400128 0.402823 0.304293 0.225393 0.364900 0.523398 0.652758 0.532333 0.420493 0.398644 0.363289 0.576350 0.375137 0.508498 0.595384 0.391787 0.478655 0.397954 0.593779 0.518267 0.671263 0.366403 0.539355 0.596555 0.427374 0.438134 0.555408 0.476338 0.403920 0.334655 0.278379 0.392444 0.433798 0.354415 0.604616 0.485340 0.510394 0.595551 0.459392 
0.094573 0.094573 0.114114 0.075328 0.094573 0.134324 0.134522 0.075328 0.094573 0.061345 0.075328 0.056284 0.076226 0.130771 0.134139 0.165788 0.200091 0.134522 0.082027 0.116370 0.037394 0.165788 0.177355 0.188195 1 0.056284 0.149631 0.075328 0.094573 0.056284 0.056284 0.165788 0.061345 0.094573 0.061345 0.134139 0.114114 0.061345 0.114114 0.075328 0.153192 0.153192 0.114114 0.256526 0.107479 0.134522 0.056284 0.094573 0.075328 0.094573 0.444874 0.481507 0.473490 0.421376 0.478703 0.415293 0.511240 0.320355 0.416050 0.465721 0.316729 0.492948 0.324096 0.444874 0.437644 0.448368 0.481507 0.328221 0.481507 0.350899 0.582006 0.421376 0.473490 0.395023 0.415753 0.448368 0.444907 0.536270 0.481507 0.316729 0.350963 0.316905 0.385901 0.501151 0.481507 0.519097 0.476425 0.415193 0.418852 0.421376 0.386278 0.445441 0.384507 0.320355 0.416974 0.383932 0.416974 0.415753 0.380448 0.418852 0.769757 0.604241 0.634903 0.551244 0.674678 0.439354 0.204383 0.447457 0.382289 0.290848 0.271637 0.269466 0.260579 0.209067 0.160920 0.189440 0.347682 0.472298 0.502627 0.311895 0.249892 0.184991 0.479135 0.223784 0.328113 0.423880 0.218267 0.291477 0.276467 0.427392 0.407146 0.487280 0.265038 0.359317 0.428424 0.358913 0.252610 0.372249 0.288310 0.247272 0.215963 0.159897 0.231084 0.281784 0.202132 0.751700 0.609645 0.636300 0.737587 0.567630 
0.038384 0.038384 0.058062 0.019073 0.038384 0.098251 0.083332 0.019073 0.038384 0.045221 0.019073 0.000000 0.044180 0.081684 0.078345 0.121585 0.151547 0.083332 0.045253 0.067541 0.018899 0.121585 0.122842 0.152557 0.056284 1 0.108853 0.019073 0.038384 0.000000 0.000000 0.121585 0.045221 0.038384 0.045221 0.078345 0.058062 0.045221 0.058062 0.019073 0.100625 0.100625 0.058062 0.218510 0.086205 0.083332 0.000000 0.038384 0.019073 0.038384 0.459211 0.486643 0.486556 0.425647 0.485827 0.431007 0.515685 0.323212 0.433949 0.463125 0.325852 0.492197 0.347575 0.459211 0.432809 0.456358 0.486643 0.354188 0.486643 0.364597 0.580335 0.425647 0.486556 0.421024 0.426961 0.456358 0.461304 0.541779 0.486643 0.325852 0.361940 0.332089 0.393273 0.513033 0.486643 0.519874 0.485540 0.428673 0.425443 0.425647 0.405827 0.457684 0.394403 0.323212 0.425882 0.398769 0.425882 0.426961 0.369538 0.425443 0.763235 0.603682 0.638853 0.562616 0.673952 0.493105 0.254060 0.503325 0.433530 0.345664 0.320256 0.323984 0.316162 0.256451 0.197714 0.244403 0.401590 0.524062 0.541998 0.363861 0.305857 0.239275 0.530786 0.279796 0.380510 0.478481 0.273388 0.338562 0.329899 0.482771 0.460277 0.536959 0.315095 0.411703 0.483573 0.404403 0.302229 0.422946 0.333026 0.303475 0.268051 0.210316 0.287260 0.337939 0.258111 0.741604 0.607614 0.633889 0.729541 0.570738 
0.091321 0.091321 0.087917 0.098627 0.091321 0.019116 0.043848 0.098627 0.091321 0.152040 0.098627 0.108853 0.143469 0.133764 0.089323 0.019257 0.058544 0.043848 0.067992 0.045599 0.121155 0.019257 0.108955 0.045408 0.149631 0.108853 1 0.098627 0.091321 0.108853 0.108853 0.019257 0.152040 0.091321 0.152040 0.089323 0.087917 0.152040 0.087917 0.098627 0.050595 0.050595 0.087917 0.109659 0.057044 0.043848 0.108853 0.091321 0.098627 0.091321 0.407114 0.417784 0.431203 0.357372 0.420245 0.382609 0.444962 0.257899 0.389563 0.383065 0.271429 0.414110 0.319243 0.407114 0.350364 0.393170 0.417784 0.330552 0.417784 0.315913 0.499240 0.357372 0.431203 0.393526 0.370501 0.393170 0.412947 0.472136 0.417784 0.271429 0.308401 0.288497 0.331610 0.454778 0.417784 0.443422 0.423312 0.376242 0.361035 0.357372 0.365991 0.401855 0.337108 0.257899 0.365421 0.350267 0.365421 0.370501 0.280712 0.361035 0.673948 0.523793 0.565040 0.502213 0.592920 0.541892 0.353780 0.567528 0.472511 0.433485 0.421156 0.381826 0.381465 0.292303 0.216204 0.333087 0.492246 0.619692 0.540989 0.408228 0.375428 0.330402 0.568944 0.350858 0.475246 0.566123 0.360869 0.441084 0.381998 0.566419 0.506675 0.636228 0.354835 0.506331 0.568571 0.425190 0.401920 0.520783 0.437536 0.378503 0.317977 0.259764 0.365491 0.410067 0.329546 0.648371 0.525619 0.551032 0.638698 0.496773 
0.019326 0.019326 0.039047 0.000000 0.019326 0.090885 0.067845 0.000000 0.019326 0.053780 0.000000 0.019073 0.045499 0.067253 0.059423 0.109210 0.136446 0.067845 0.043647 0.054413 0.037964 0.109210 0.104413 0.143579 0.075328 0.019073 0.098627 1 0.019326 0.019073 0.019073 0.109210 0.053780 0.019326 0.053780 0.059423 0.039047 0.053780 0.039047 0.000000 0.083868 0.083868 0.039047 0.207581 0.086493 0.067845 0.019073 0.019326 0.000000 0.019326 0.465481 0.489825 0.492335 0.428750 0.489668 0.437813 0.518556 0.326376 0.441440 0.463794 0.331044 0.493397 0.357150 0.465481 0.432827 0.460576 0.489825 0.364490 0.489825 0.371035 0.581004 0.428750 0.492335 0.431093 0.432331 0.460576 0.468230 0.544935 0.489825 0.331044 0.367521 0.339173 0.397533 0.518357 0.489825 0.521510 0.490034 0.434770 0.429313 0.428750 0.413939 0.463283 0.399479 0.326376 0.430508 0.405416 0.430508 0.432331 0.367747 0.429313 0.761962 0.604676 0.641293 0.567655 0.674766 0.511343 0.271409 0.522176 0.451072 0.364252 0.337198 0.342495 0.334958 0.273196 0.212073 0.263074 0.419909 0.541717 0.555920 0.381656 0.324756 0.257787 0.548397 0.298711 0.398421 0.496974 0.292083 0.355053 0.348117 0.501485 0.478347 0.553994 0.332424 0.429592 0.502221 0.420326 0.319470 0.440350 0.348872 0.322436 0.285978 0.227949 0.306217 0.356883 0.277022 0.739139 0.608105 0.634202 0.727792 0.573030 
