
---	Treino para o 0-fold	---
Max epochs   100000. Desired error: 0.0010000000.
Epochs            1. Current error: 0.2052091360. Bit fail 3410.
Epochs           51. Current error: 0.0009717818. Bit fail 7.

---	Treino para o 1-fold	---
Max epochs   100000. Desired error: 0.0010000000.
Epochs            1. Current error: 0.0011664709. Bit fail 9.
Epochs            8. Current error: 0.0009945597. Bit fail 9.

---	Treino para o 2-fold	---
Max epochs   100000. Desired error: 0.0010000000.
Epochs            1. Current error: 0.0011442315. Bit fail 11.
Epochs            5. Current error: 0.0009908669. Bit fail 9.

---	Treino para o 3-fold	---
Max epochs   100000. Desired error: 0.0010000000.
Epochs            1. Current error: 0.0009995740. Bit fail 10.

---	Treino para o 4-fold	---
Max epochs   100000. Desired error: 0.0010000000.
Epochs            1. Current error: 0.0011121817. Bit fail 12.
Epochs            3. Current error: 0.0009451944. Bit fail 12.

---	Treino para o 5-fold	---
Max epochs   100000. Desired error: 0.0010000000.
Epochs            1. Current error: 0.0009003039. Bit fail 6.

---	Treino para o 6-fold	---
Max epochs   100000. Desired error: 0.0010000000.
Epochs            1. Current error: 0.0008120209. Bit fail 0.

---	Treino para o 7-fold	---
Max epochs   100000. Desired error: 0.0010000000.
Epochs            1. Current error: 0.0007714852. Bit fail 0.

---	Treino para o 8-fold	---
Max epochs   100000. Desired error: 0.0010000000.
Epochs            1. Current error: 0.0007061858. Bit fail 0.

---	Treino para o 9-fold	---
Max epochs   100000. Desired error: 0.0010000000.
Epochs            1. Current error: 0.0006714719. Bit fail 0.



>>>	ACURACIA: 0.011330
>>>	Hidden neurons: 5

1 0.004725 0.004602 0.004625 0.004498 0.004877 0.005020 0.004196 0.002320 0.002394 0.001247 0.001719 0.006167 0.000385 0.000113 0.001407 0.000891 0.000054 0.001615 0.006631 0.002324 0.000034 0.000783 0.001285 0.000429 0.000428 0.000429 0.001177 0.000828 0.000539 0.009049 0.009174 0.009198 0.009331 0.009306 0.009294 0.008186 0.008087 0.008584 0.008501 0.008654 0.008216 0.009707 0.009850 0.009882 0.009803 0.009859 0.008737 0.004838 0.004930 0.005186 0.004790 0.005482 0.005332 0.003663 0.003844 0.003801 0.004621 0.004378 0.003927 0.004341 0.003258 0.009379 0.009749 0.009695 0.004532 0.002055 0.002135 0.002197 0.001731 0.002265 0.002302 0.004793 0.004300 0.004517 0.004211 0.004196 0.004456 0.002175 0.001260 0.001147 0.001507 0.002714 0.001703 0.001363 0.007283 0.006287 0.005101 0.001353 0.006527 0.001001 0.006944 0.006586 0.000281 0.001510 0.007166 0.006933 0.004431 0.001962 0.002285 0.003852 0.001096 0.003562 0.000271 0.006167 0.006484 0.007239 0.006502 0.006599 2.810304 2.812915 2.798231 2.798992 2.806256 2.813868 3.290498 3.016021 3.006519 2.957210 2.815114 3.215749 2.806469 2.778464 2.805018 2.789980 2.782218 2.773518 2.799375 2.187408 2.210478 2.282298 2.201805 2.316394 2.134450 1.964365 2.139748 2.222424 2.246464 2.169657 2.242768 2.814800 2.815936 2.805469 2.814457 2.809862 2.816718 2.760140 2.794094 2.795808 3.268361 2.797769 2.801743 2.805784 2.431776 2.344466 2.268701 2.474544 2.329196 2.576160 2.430920 2.326766 2.283957 2.278891 2.259412 2.325266 2.816354 2.810284 2.815184 2.811887 2.812207 2.814442 2.188073 1.917326 2.039273 2.405297 2.072049 2.165385 2.738652 2.601115 2.594124 2.622991 2.605648 2.620527 2.155002 2.751881 2.635851 0.001483 0.002666 0.001555 0.000512 0.001993 0.001380 0.001463 0.001252 0.000038 
0.004725 1 0.000123 0.000100 0.000227 0.000152 0.000296 0.000529 0.002405 0.002331 0.003478 0.003006 0.001442 0.004343 0.004623 0.003319 0.003835 0.004704 0.006340 0.001906 0.007049 0.004757 0.003943 0.003440 0.004297 0.004298 0.004298 0.003549 0.003898 0.004187 0.004324 0.004449 0.004473 0.004606 0.004581 0.004569 0.003461 0.003362 0.003859 0.003776 0.003929 0.003491 0.004982 0.005125 0.005157 0.005079 0.005134 0.004012 0.000114 0.000206 0.000462 0.000069 0.000757 0.000608 0.001062 0.000881 0.000923 0.000105 0.000347 0.000798 0.000385 0.001468 0.004654 0.005025 0.004971 0.000194 0.006780 0.006860 0.006922 0.006456 0.006990 0.007026 0.000072 0.000425 0.000209 0.000515 0.000529 0.000270 0.002550 0.003465 0.003577 0.003218 0.002011 0.003022 0.006087 0.002558 0.001562 0.000377 0.006077 0.001802 0.005725 0.002220 0.001861 0.005005 0.006235 0.002442 0.002208 0.000294 0.002763 0.002440 0.000873 0.005820 0.008286 0.004457 0.001443 0.001759 0.002515 0.001777 0.001875 2.815019 2.817631 2.802946 2.803707 2.810971 2.818583 3.294541 3.020430 3.010942 2.961706 2.819830 3.219886 2.811184 2.783178 2.809733 2.794695 2.786932 2.778232 2.804090 2.192099 2.215169 2.286993 2.206496 2.321092 2.139138 1.969050 2.144440 2.227118 2.251160 2.174350 2.247463 2.819516 2.820651 2.810184 2.819172 2.814577 2.821434 2.764853 2.798809 2.800523 3.272432 2.802484 2.806458 2.810499 2.436478 2.349165 2.273396 2.479248 2.333895 2.580867 2.435621 2.331465 2.288653 2.283588 2.264108 2.329967 2.821070 2.814999 2.819899 2.816602 2.816923 2.819158 2.192765 1.922005 2.043957 2.409999 2.076734 2.170075 2.743364 2.605821 2.598831 2.627698 2.610355 2.625234 2.159692 2.756595 2.640562 0.003243 0.002060 0.003171 0.005236 0.002732 0.003345 0.006188 0.005977 0.004753 
0.004602 0.000123 1 0.000023 0.000104 0.000275 0.000419 0.000406 0.002281 0.002208 0.003355 0.002883 0.001565 0.004220 0.004500 0.003196 0.003711 0.004581 0.006217 0.002029 0.006926 0.004634 0.003820 0.003317 0.004174 0.004175 0.004175 0.003425 0.003775 0.004064 0.004447 0.004572 0.004596 0.004729 0.004704 0.004692 0.003584 0.003485 0.003982 0.003899 0.004052 0.003614 0.005106 0.005248 0.005281 0.005202 0.005257 0.004135 0.000236 0.000329 0.000585 0.000189 0.000880 0.000731 0.000939 0.000758 0.000800 0.000021 0.000224 0.000675 0.000262 0.001345 0.004778 0.005148 0.005094 0.000072 0.006657 0.006737 0.006799 0.006333 0.006867 0.006903 0.000192 0.000302 0.000086 0.000391 0.000406 0.000147 0.002427 0.003342 0.003454 0.003095 0.001888 0.002899 0.005964 0.002681 0.001685 0.000500 0.005954 0.001925 0.005602 0.002343 0.001984 0.004882 0.006112 0.002565 0.002331 0.000171 0.002640 0.002317 0.000750 0.005697 0.008163 0.004334 0.001566 0.001882 0.002638 0.001900 0.001998 2.814896 2.817508 2.802823 2.803584 2.810848 2.818460 3.294436 3.020315 3.010826 2.961589 2.819706 3.219778 2.811061 2.783055 2.809610 2.794572 2.786809 2.778109 2.803967 2.191976 2.215047 2.286870 2.206373 2.320969 2.139015 1.968928 2.144317 2.226996 2.251038 2.174227 2.247340 2.819393 2.820528 2.810061 2.819049 2.814454 2.821311 2.764730 2.798686 2.800400 3.272326 2.802361 2.806335 2.810376 2.436355 2.349042 2.273273 2.479125 2.333772 2.580745 2.435498 2.331342 2.288531 2.283465 2.263985 2.329844 2.820947 2.814876 2.819776 2.816479 2.816800 2.819035 2.192642 1.921883 2.043835 2.409876 2.076612 2.169953 2.743241 2.605698 2.598708 2.627575 2.610232 2.625111 2.159569 2.756472 2.640439 0.003120 0.001937 0.003048 0.005113 0.002609 0.003222 0.006065 0.005854 0.004630 
0.004625 0.000100 0.000023 1 0.000127 0.000252 0.000395 0.000429 0.002305 0.002231 0.003378 0.002906 0.001542 0.004243 0.004523 0.003219 0.003735 0.004604 0.006240 0.002006 0.006949 0.004657 0.003843 0.003341 0.004197 0.004198 0.004198 0.003449 0.003798 0.004087 0.004424 0.004549 0.004573 0.004706 0.004681 0.004669 0.003561 0.003462 0.003959 0.003876 0.004029 0.003591 0.005082 0.005225 0.005257 0.005178 0.005234 0.004112 0.000213 0.000306 0.000562 0.000166 0.000857 0.000708 0.000962 0.000781 0.000823 0.000008 0.000247 0.000698 0.000285 0.001368 0.004754 0.005125 0.005071 0.000094 0.006680 0.006760 0.006822 0.006356 0.006890 0.006926 0.000169 0.000325 0.000109 0.000415 0.000429 0.000170 0.002450 0.003365 0.003478 0.003118 0.001911 0.002922 0.005987 0.002658 0.001662 0.000477 0.005978 0.001902 0.005626 0.002319 0.001961 0.004905 0.006135 0.002541 0.002308 0.000195 0.002663 0.002340 0.000773 0.005721 0.008187 0.004357 0.001542 0.001859 0.002615 0.001877 0.001974 2.814919 2.817530 2.802846 2.803607 2.810871 2.818483 3.294456 3.020337 3.010848 2.961611 2.819729 3.219798 2.811084 2.783078 2.809633 2.794595 2.786832 2.778132 2.803990 2.191999 2.215069 2.286893 2.206396 2.320992 2.139038 1.968950 2.144340 2.227019 2.251060 2.174250 2.247363 2.819416 2.820551 2.810084 2.819072 2.814477 2.821334 2.764753 2.798709 2.800423 3.272346 2.802384 2.806358 2.810399 2.436378 2.349065 2.273296 2.479148 2.333795 2.580767 2.435521 2.331365 2.288553 2.283488 2.264008 2.329867 2.820970 2.814899 2.819799 2.816502 2.816823 2.819058 2.192665 1.921905 2.043858 2.409899 2.076635 2.169976 2.743264 2.605721 2.598731 2.627599 2.610255 2.625134 2.159592 2.756495 2.640461 0.003143 0.001960 0.003071 0.005136 0.002632 0.003245 0.006088 0.005877 0.004653 
0.004498 0.000227 0.000104 0.000127 1 0.000379 0.000523 0.000303 0.002177 0.002104 0.003251 0.002779 0.001669 0.004116 0.004396 0.003092 0.003607 0.004477 0.006113 0.002133 0.006822 0.004530 0.003716 0.003213 0.004070 0.004071 0.004071 0.003321 0.003671 0.003960 0.004551 0.004676 0.004700 0.004833 0.004808 0.004796 0.003688 0.003589 0.004086 0.004003 0.004156 0.003718 0.005210 0.005352 0.005385 0.005306 0.005361 0.004239 0.000340 0.000433 0.000689 0.000293 0.000984 0.000835 0.000835 0.000654 0.000696 0.000123 0.000120 0.000571 0.000159 0.001241 0.004882 0.005252 0.005198 0.000041 0.006553 0.006633 0.006695 0.006229 0.006763 0.006799 0.000296 0.000198 0.000027 0.000288 0.000302 0.000046 0.002323 0.003238 0.003350 0.002991 0.001784 0.002795 0.005860 0.002785 0.001789 0.000604 0.005850 0.002029 0.005498 0.002447 0.002088 0.004778 0.006008 0.002669 0.002435 0.000067 0.002536 0.002213 0.000646 0.005593 0.008059 0.004230 0.001670 0.001986 0.002742 0.002004 0.002102 2.814793 2.817404 2.802719 2.803480 2.810744 2.818357 3.294347 3.020218 3.010729 2.961490 2.819603 3.219687 2.810957 2.782951 2.809506 2.794468 2.786705 2.778006 2.803863 2.191873 2.214943 2.286767 2.206270 2.320866 2.138912 1.968825 2.144214 2.226893 2.250935 2.174124 2.247237 2.819289 2.820425 2.809958 2.818945 2.814350 2.821207 2.764626 2.798582 2.800296 3.272236 2.802257 2.806231 2.810272 2.436252 2.348938 2.273170 2.479022 2.333669 2.580641 2.435395 2.331239 2.288428 2.283362 2.263882 2.329741 2.820843 2.814772 2.819672 2.816375 2.816696 2.818931 2.192539 1.921780 2.043732 2.409773 2.076509 2.169850 2.743138 2.605595 2.598604 2.627472 2.610128 2.625008 2.159466 2.756368 2.640335 0.003016 0.001833 0.002944 0.005009 0.002505 0.003118 0.005961 0.005750 0.004526 
0.004877 0.000152 0.000275 0.000252 0.000379 1 0.000143 0.000681 0.002557 0.002483 0.003630 0.003158 0.001290 0.004495 0.004775 0.003471 0.003987 0.004856 0.006492 0.001754 0.007201 0.004909 0.004096 0.003593 0.004449 0.004450 0.004451 0.003701 0.004050 0.004339 0.004172 0.004297 0.004321 0.004454 0.004429 0.004416 0.003309 0.003210 0.003707 0.003624 0.003777 0.003339 0.004830 0.004972 0.005005 0.004926 0.004982 0.003860 0.000041 0.000055 0.000309 0.000089 0.000605 0.000455 0.001214 0.001033 0.001076 0.000257 0.000499 0.000950 0.000537 0.001620 0.004502 0.004872 0.004818 0.000345 0.006932 0.007012 0.007074 0.006608 0.007142 0.007179 0.000087 0.000577 0.000360 0.000667 0.000682 0.000422 0.002702 0.003618 0.003730 0.003370 0.002163 0.003174 0.006240 0.002406 0.001410 0.000225 0.006230 0.001650 0.005878 0.002067 0.001709 0.005158 0.006387 0.002289 0.002056 0.000447 0.002915 0.002592 0.001026 0.005973 0.008439 0.004610 0.001290 0.001607 0.002362 0.001624 0.001722 2.815171 2.817782 2.803097 2.803858 2.811123 2.818735 3.294672 3.020572 3.011084 2.961851 2.819981 3.220019 2.811336 2.783330 2.809885 2.794846 2.787084 2.778384 2.804242 2.192250 2.215320 2.287144 2.206646 2.321243 2.139288 1.969201 2.144590 2.227269 2.251311 2.174500 2.247614 2.819667 2.820803 2.810336 2.819324 2.814728 2.821586 2.765005 2.798960 2.800674 3.272563 2.802635 2.806609 2.810651 2.436629 2.349316 2.273547 2.479399 2.334045 2.581019 2.435772 2.331615 2.288804 2.283738 2.264259 2.330118 2.821222 2.815151 2.820051 2.816753 2.817075 2.819309 2.192916 1.922155 2.044108 2.410150 2.076885 2.170226 2.743516 2.605973 2.598982 2.627850 2.610506 2.625386 2.159842 2.756747 2.640713 0.003395 0.002212 0.003323 0.005389 0.002884 0.003498 0.006340 0.006129 0.004906 
0.005020 0.000296 0.000419 0.000395 0.000523 0.000143 1 0.000824 0.002700 0.002626 0.003773 0.003301 0.001147 0.004638 0.004918 0.003614 0.004130 0.004999 0.006635 0.001611 0.007344 0.005052 0.004238 0.003736 0.004592 0.004593 0.004593 0.003844 0.004193 0.004482 0.004029 0.004154 0.004178 0.004311 0.004286 0.004274 0.003166 0.003067 0.003564 0.003481 0.003634 0.003196 0.004687 0.004830 0.004862 0.004784 0.004839 0.003717 0.000182 0.000090 0.000167 0.000230 0.000462 0.000313 0.001357 0.001176 0.001219 0.000399 0.000642 0.001093 0.000679 0.001763 0.004359 0.004730 0.004676 0.000488 0.007075 0.007155 0.007217 0.006751 0.007285 0.007322 0.000227 0.000720 0.000503 0.000809 0.000824 0.000564 0.002845 0.003760 0.003873 0.003513 0.002306 0.003317 0.006383 0.002263 0.001267 0.000088 0.006373 0.001508 0.006021 0.001925 0.001566 0.005300 0.006530 0.002147 0.001913 0.000590 0.003058 0.002735 0.001169 0.006116 0.008582 0.004752 0.001147 0.001464 0.002220 0.001482 0.001579 2.815313 2.817924 2.803239 2.804000 2.811264 2.818876 3.294792 3.020704 3.011217 2.961986 2.820123 3.220143 2.811477 2.783471 2.810026 2.794988 2.787225 2.778525 2.804383 2.192389 2.215460 2.287284 2.206786 2.321383 2.139428 1.969340 2.144730 2.227409 2.251451 2.174640 2.247754 2.819809 2.820945 2.810477 2.819465 2.814870 2.821727 2.765146 2.799102 2.800816 3.272685 2.802777 2.806751 2.810792 2.436769 2.349456 2.273687 2.479540 2.334186 2.581160 2.435913 2.331756 2.288944 2.283879 2.264399 2.330259 2.821363 2.815292 2.820192 2.816895 2.817216 2.819451 2.193056 1.922295 2.044247 2.410291 2.077024 2.170366 2.743657 2.606113 2.599123 2.627991 2.610647 2.625527 2.159982 2.756888 2.640854 0.003538 0.002355 0.003466 0.005531 0.003027 0.003640 0.006483 0.006272 0.005048 
0.004196 0.000529 0.000406 0.000429 0.000303 0.000681 0.000824 1 0.001876 0.001802 0.002949 0.002478 0.001971 0.003814 0.004094 0.002790 0.003306 0.004175 0.005812 0.002435 0.006521 0.004228 0.003415 0.002912 0.003768 0.003769 0.003770 0.003020 0.003369 0.003658 0.004853 0.004978 0.005002 0.005135 0.005110 0.005097 0.003990 0.003891 0.004388 0.004305 0.004458 0.004020 0.005511 0.005653 0.005686 0.005607 0.005663 0.004541 0.000641 0.000734 0.000990 0.000594 0.001286 0.001136 0.000534 0.000353 0.000396 0.000425 0.000183 0.000270 0.000145 0.000939 0.005183 0.005553 0.005499 0.000336 0.006252 0.006331 0.006394 0.005928 0.006462 0.006498 0.000596 0.000105 0.000321 0.000018 0.000017 0.000260 0.002022 0.002937 0.003049 0.002690 0.001483 0.002493 0.005559 0.003087 0.002091 0.000906 0.005549 0.002331 0.005197 0.002748 0.002390 0.004477 0.005706 0.002970 0.002737 0.000237 0.002234 0.001912 0.000349 0.005292 0.007758 0.003929 0.001971 0.002287 0.003043 0.002305 0.002403 2.814490 2.817101 2.802416 2.803177 2.810441 2.818054 3.294087 3.019935 3.010445 2.961201 2.819300 3.219421 2.810654 2.782649 2.809204 2.794165 2.786403 2.777703 2.803560 2.191571 2.214641 2.286464 2.205967 2.320563 2.138610 1.968522 2.143911 2.226590 2.250632 2.173821 2.246934 2.818986 2.820122 2.809655 2.818643 2.814048 2.820904 2.764324 2.798280 2.799994 3.271975 2.801954 2.805928 2.809970 2.435949 2.348636 2.272867 2.478719 2.333366 2.580338 2.435092 2.330936 2.288125 2.283059 2.263579 2.329438 2.820540 2.814470 2.819370 2.816072 2.816393 2.818628 2.192236 1.921477 2.043429 2.409470 2.076206 2.169547 2.742835 2.605292 2.598302 2.627169 2.609825 2.624705 2.159163 2.756065 2.640032 0.002714 0.001531 0.002642 0.004708 0.002203 0.002817 0.005660 0.005448 0.004225 
0.002320 0.002405 0.002281 0.002305 0.002177 0.002557 0.002700 0.001876 1 0.000074 0.001073 0.000602 0.003847 0.001939 0.002218 0.000915 0.001430 0.002300 0.003936 0.004311 0.004644 0.002352 0.001539 0.001036 0.001892 0.001893 0.001894 0.001144 0.001494 0.001782 0.006729 0.006853 0.006878 0.007011 0.006986 0.006973 0.005866 0.005767 0.006264 0.006181 0.006334 0.005895 0.007387 0.007529 0.007562 0.007483 0.007539 0.006416 0.002517 0.002610 0.002866 0.002470 0.003161 0.003012 0.001343 0.001524 0.001481 0.002300 0.002057 0.001607 0.002021 0.000937 0.007059 0.007429 0.007375 0.002212 0.004375 0.004455 0.004517 0.004052 0.004585 0.004622 0.002472 0.001980 0.002197 0.001890 0.001875 0.002136 0.000146 0.001061 0.001173 0.000814 0.000394 0.000617 0.003683 0.004963 0.003966 0.002781 0.003673 0.004207 0.003321 0.004624 0.004266 0.002601 0.003830 0.004846 0.004613 0.002110 0.000359 0.000046 0.001532 0.003416 0.005882 0.002053 0.003847 0.004163 0.004919 0.004181 0.004279 2.812619 2.815230 2.800545 2.801306 2.808570 2.816183 3.292483 3.018185 3.008690 2.959417 2.817429 3.217780 2.808783 2.780778 2.807333 2.792295 2.784532 2.775832 2.801690 2.189710 2.212780 2.284602 2.204107 2.318700 2.136751 1.966664 2.142050 2.224728 2.248769 2.171960 2.245072 2.817115 2.818251 2.807784 2.816772 2.812176 2.819033 2.762453 2.796409 2.798123 3.270359 2.800084 2.804057 2.808099 2.434083 2.346772 2.271005 2.476853 2.331502 2.578470 2.433227 2.329072 2.286262 2.281196 2.261716 2.327573 2.818669 2.812599 2.817499 2.814201 2.814522 2.816757 2.190375 1.919622 2.041571 2.407605 2.074348 2.167687 2.740965 2.603425 2.596435 2.625302 2.607958 2.622838 2.157303 2.754195 2.638163 0.000838 0.000346 0.000767 0.002832 0.000327 0.000941 0.003783 0.003572 0.002349 
0.002394 0.002331 0.002208 0.002231 0.002104 0.002483 0.002626 0.001802 0.000074 1 0.001147 0.000675 0.003773 0.002012 0.002292 0.000989 0.001504 0.002373 0.004009 0.004237 0.004718 0.002426 0.001613 0.001110 0.001966 0.001967 0.001968 0.001218 0.001567 0.001856 0.006655 0.006780 0.006804 0.006937 0.006912 0.006900 0.005792 0.005693 0.006190 0.006107 0.006260 0.005822 0.007313 0.007456 0.007488 0.007409 0.007465 0.006343 0.002443 0.002536 0.002792 0.002396 0.003088 0.002938 0.001269 0.001450 0.001407 0.002227 0.001984 0.001533 0.001947 0.000864 0.006985 0.007355 0.007301 0.002138 0.004449 0.004529 0.004591 0.004125 0.004659 0.004696 0.002398 0.001906 0.002123 0.001817 0.001802 0.002062 0.000219 0.001135 0.001247 0.000887 0.000320 0.000691 0.003757 0.004889 0.003893 0.002707 0.003747 0.004133 0.003395 0.004550 0.004192 0.002675 0.003904 0.004772 0.004539 0.002037 0.000432 0.000113 0.001458 0.003490 0.005956 0.002127 0.003773 0.004090 0.004845 0.004107 0.004205 2.812692 2.815304 2.800619 2.801380 2.808644 2.816256 3.292546 3.018254 3.008759 2.959487 2.817502 3.217844 2.808857 2.780852 2.807406 2.792368 2.784606 2.775906 2.801763 2.189784 2.212853 2.284676 2.204180 2.318773 2.136824 1.966737 2.142123 2.224801 2.248842 2.172033 2.245146 2.817189 2.818324 2.807858 2.816845 2.812250 2.819107 2.762527 2.796482 2.798196 3.270423 2.800157 2.804131 2.808172 2.434157 2.346845 2.271078 2.476926 2.331576 2.578544 2.433300 2.329145 2.286335 2.281269 2.261790 2.327646 2.818743 2.812672 2.817572 2.814275 2.814596 2.816831 2.190449 1.919695 2.041645 2.407678 2.074421 2.167760 2.741039 2.603498 2.596508 2.625375 2.608032 2.622911 2.157377 2.754269 2.638237 0.000912 0.000273 0.000840 0.002906 0.000401 0.001015 0.003857 0.003646 0.002423 
0.001247 0.003478 0.003355 0.003378 0.003251 0.003630 0.003773 0.002949 0.001073 0.001147 1 0.000472 0.004920 0.000866 0.001145 0.000164 0.000357 0.001226 0.002862 0.005384 0.003571 0.001279 0.000466 0.000039 0.000819 0.000820 0.000821 0.000075 0.000421 0.000709 0.007802 0.007927 0.007951 0.008084 0.008059 0.008047 0.006939 0.006840 0.007337 0.007254 0.007407 0.006969 0.008460 0.008603 0.008635 0.008556 0.008612 0.007490 0.003591 0.003683 0.003940 0.003543 0.004235 0.004086 0.002416 0.002597 0.002554 0.003374 0.003131 0.002680 0.003094 0.002011 0.008132 0.008503 0.008448 0.003285 0.003302 0.003382 0.003444 0.002978 0.003512 0.003549 0.003546 0.003053 0.003270 0.002964 0.002949 0.003209 0.000928 0.000018 0.000100 0.000260 0.001467 0.000456 0.002610 0.006036 0.005040 0.003854 0.002600 0.005280 0.002248 0.005697 0.005339 0.001527 0.002757 0.005919 0.005686 0.003184 0.000716 0.001038 0.002605 0.002343 0.004809 0.000980 0.004920 0.005237 0.005993 0.005255 0.005352 2.811548 2.814159 2.799475 2.800236 2.807500 2.815111 3.291564 3.017184 3.007685 2.958396 2.816358 3.216840 2.807712 2.779707 2.806262 2.791224 2.783461 2.774761 2.800619 2.188645 2.211715 2.283536 2.203042 2.317633 2.135686 1.965600 2.140985 2.223662 2.247703 2.170894 2.244006 2.816044 2.817180 2.806713 2.815701 2.811105 2.817962 2.761383 2.795338 2.797052 3.269435 2.799013 2.802986 2.807028 2.433016 2.345705 2.269939 2.475784 2.330435 2.577401 2.432159 2.328004 2.285195 2.280129 2.260650 2.326505 2.817598 2.811527 2.816427 2.813130 2.813451 2.815686 2.189310 1.918559 2.040508 2.406537 2.073284 2.166622 2.739895 2.602356 2.595366 2.624232 2.606889 2.621768 2.156238 2.753124 2.637094 0.000237 0.001419 0.000309 0.001758 0.000746 0.000133 0.002710 0.002499 0.001275 
0.001719 0.003006 0.002883 0.002906 0.002779 0.003158 0.003301 0.002478 0.000602 0.000675 0.000472 1 0.004448 0.001337 0.001617 0.000315 0.000829 0.001698 0.003334 0.004912 0.004043 0.001751 0.000937 0.000434 0.001291 0.001292 0.001292 0.000543 0.000892 0.001181 0.007330 0.007455 0.007479 0.007612 0.007587 0.007575 0.006467 0.006368 0.006865 0.006782 0.006935 0.006497 0.007988 0.008131 0.008163 0.008085 0.008140 0.007018 0.003119 0.003211 0.003468 0.003071 0.003763 0.003614 0.001944 0.002125 0.002083 0.002902 0.002659 0.002208 0.002623 0.001539 0.007661 0.008031 0.007977 0.002814 0.003774 0.003854 0.003916 0.003450 0.003984 0.004020 0.003074 0.002581 0.002798 0.002492 0.002477 0.002737 0.000456 0.000459 0.000572 0.000212 0.000995 0.000016 0.003082 0.005564 0.004568 0.003382 0.003072 0.004808 0.002720 0.005226 0.004867 0.001999 0.003229 0.005448 0.005214 0.002712 0.000244 0.000567 0.002133 0.002815 0.005281 0.001451 0.004448 0.004765 0.005521 0.004783 0.004880 2.812019 2.814630 2.799945 2.800706 2.807971 2.815582 3.291968 3.017624 3.008127 2.958845 2.816829 3.217253 2.808183 2.780178 2.806732 2.791694 2.783932 2.775232 2.801089 2.189113 2.212183 2.284004 2.203510 2.318102 2.136154 1.966068 2.141453 2.224130 2.248171 2.171363 2.244474 2.816515 2.817651 2.807184 2.816171 2.811576 2.818433 2.761853 2.795809 2.797522 3.269841 2.799483 2.803457 2.807498 2.433485 2.346174 2.270407 2.476254 2.330904 2.577871 2.432629 2.328474 2.285664 2.280598 2.261119 2.326975 2.818069 2.811998 2.816898 2.813601 2.813922 2.816157 2.189778 1.919026 2.040975 2.407007 2.073751 2.167090 2.740365 2.602826 2.595835 2.624702 2.607359 2.622238 2.156707 2.753595 2.637564 0.000238 0.000947 0.000167 0.002230 0.000274 0.000339 0.003182 0.002971 0.001747 
0.006167 0.001442 0.001565 0.001542 0.001669 0.001290 0.001147 0.001971 0.003847 0.003773 0.004920 0.004448 1 0.005785 0.006065 0.004761 0.005277 0.006146 0.007782 0.000465 0.008491 0.006199 0.005385 0.004883 0.005739 0.005740 0.005740 0.004991 0.005340 0.005629 0.002882 0.003007 0.003031 0.003164 0.003139 0.003127 0.002019 0.001920 0.002417 0.002334 0.002487 0.002049 0.003540 0.003683 0.003715 0.003637 0.003692 0.002570 0.001329 0.001237 0.000981 0.001377 0.000685 0.000835 0.002504 0.002323 0.002366 0.001546 0.001789 0.002240 0.001826 0.002910 0.003212 0.003583 0.003529 0.001635 0.008222 0.008302 0.008364 0.007898 0.008432 0.008469 0.001375 0.001867 0.001650 0.001956 0.001971 0.001711 0.003992 0.004908 0.005020 0.004660 0.003453 0.004464 0.007530 0.001116 0.000124 0.001066 0.007520 0.000362 0.007168 0.000778 0.000420 0.006448 0.007677 0.001000 0.000766 0.001737 0.004205 0.003882 0.002316 0.007263 0.009729 0.005899 0.000003 0.000317 0.001072 0.000335 0.000432 2.816457 2.819068 2.804383 2.805144 2.812409 2.820021 3.295774 3.021774 3.012290 2.963077 2.821267 3.221147 2.812622 2.784615 2.811171 2.796132 2.788370 2.779670 2.805528 2.193528 2.216598 2.288424 2.207925 2.322523 2.140566 1.970477 2.145869 2.228549 2.252591 2.175780 2.248893 2.820954 2.822089 2.811622 2.820610 2.816015 2.822872 2.766290 2.800246 2.801960 3.273673 2.803921 2.807895 2.811937 2.437911 2.350596 2.274827 2.480681 2.335326 2.582302 2.437053 2.332896 2.290084 2.285019 2.265539 2.331400 2.822508 2.816437 2.821337 2.818040 2.818360 2.820596 2.194195 1.923430 2.045384 2.411432 2.078162 2.171504 2.744801 2.607256 2.600265 2.629133 2.611789 2.626669 2.161120 2.758032 2.641998 0.004685 0.003502 0.004613 0.006679 0.004174 0.004787 0.007630 0.007419 0.006195 
0.000385 0.004343 0.004220 0.004243 0.004116 0.004495 0.004638 0.003814 0.001939 0.002012 0.000866 0.001337 0.005785 1 0.000280 0.001024 0.000508 0.000361 0.001998 0.006249 0.002707 0.000416 0.000400 0.000903 0.000049 0.000053 0.000045 0.000794 0.000445 0.000157 0.008667 0.008792 0.008816 0.008949 0.008924 0.008912 0.007804 0.007705 0.008202 0.008119 0.008272 0.007834 0.009325 0.009468 0.009500 0.009421 0.009477 0.008355 0.004456 0.004548 0.004805 0.004408 0.005100 0.004950 0.003281 0.003462 0.003420 0.004239 0.003996 0.003545 0.003959 0.002875 0.008997 0.009368 0.009314 0.004150 0.002438 0.002517 0.002580 0.002114 0.002648 0.002684 0.004410 0.003918 0.004135 0.003829 0.003814 0.004074 0.001793 0.000879 0.000767 0.001126 0.002332 0.001321 0.001747 0.006901 0.005905 0.004719 0.001737 0.006145 0.001386 0.006562 0.006204 0.000664 0.001892 0.006784 0.006551 0.004049 0.001581 0.001904 0.003471 0.001479 0.003945 0.000115 0.005785 0.006102 0.006857 0.006119 0.006217 2.810682 2.813293 2.798609 2.799370 2.806634 2.814246 3.290821 3.016374 3.006873 2.957570 2.815492 3.216080 2.806847 2.778841 2.805396 2.790358 2.782596 2.773896 2.799753 2.187782 2.210851 2.282672 2.202178 2.316769 2.134823 1.964738 2.140121 2.222798 2.246839 2.170031 2.243142 2.815178 2.816314 2.805847 2.814835 2.810240 2.817097 2.760517 2.794472 2.796186 3.268687 2.798147 2.802121 2.806162 2.432151 2.344841 2.269075 2.474920 2.329571 2.576536 2.431295 2.327140 2.284331 2.279265 2.259786 2.325641 2.816732 2.810662 2.815562 2.812265 2.812585 2.814821 2.188446 1.917697 2.039645 2.405673 2.072421 2.165758 2.739029 2.601491 2.594501 2.623367 2.606024 2.620903 2.155375 2.752259 2.636228 0.001100 0.002283 0.001172 0.000895 0.001611 0.000998 0.001846 0.001635 0.000411 
0.000113 0.004623 0.004500 0.004523 0.004396 0.004775 0.004918 0.004094 0.002218 0.002292 0.001145 0.001617 0.006065 0.000280 1 0.001304 0.000788 0.000081 0.001718 0.006529 0.002427 0.000139 0.000680 0.001183 0.000326 0.000326 0.000325 0.001074 0.000725 0.000436 0.008947 0.009072 0.009096 0.009229 0.009204 0.009192 0.008084 0.007985 0.008482 0.008399 0.008552 0.008114 0.009605 0.009748 0.009780 0.009701 0.009757 0.008635 0.004735 0.004828 0.005084 0.004688 0.005380 0.005230 0.003561 0.003742 0.003699 0.004519 0.004276 0.003825 0.004239 0.003155 0.009277 0.009647 0.009593 0.004430 0.002158 0.002237 0.002300 0.001834 0.002368 0.002404 0.004690 0.004198 0.004415 0.004109 0.004094 0.004354 0.002073 0.001158 0.001046 0.001406 0.002612 0.001601 0.001467 0.007181 0.006185 0.004999 0.001457 0.006425 0.001107 0.006842 0.006484 0.000384 0.001612 0.007064 0.006831 0.004329 0.001861 0.002184 0.003750 0.001199 0.003665 0.000166 0.006065 0.006382 0.007137 0.006399 0.006497 2.810403 2.813014 2.798330 2.799091 2.806355 2.813967 3.290582 3.016113 3.006611 2.957304 2.815213 3.215835 2.806567 2.778562 2.805117 2.790079 2.782317 2.773617 2.799474 2.187504 2.210573 2.282394 2.201900 2.316491 2.134546 1.964460 2.139844 2.222520 2.246561 2.169753 2.242864 2.814899 2.816035 2.805568 2.814556 2.809961 2.816817 2.760238 2.794193 2.795907 3.268445 2.797868 2.801842 2.805883 2.431873 2.344563 2.268797 2.474641 2.329293 2.576257 2.431017 2.326862 2.284053 2.278987 2.259508 2.325362 2.816453 2.810383 2.815283 2.811985 2.812306 2.814541 2.188168 1.917420 2.039368 2.405394 2.072144 2.165481 2.738750 2.601212 2.594222 2.623089 2.605745 2.620625 2.155097 2.751980 2.635949 0.001380 0.002563 0.001452 0.000616 0.001891 0.001278 0.001566 0.001355 0.000133 
0.001407 0.003319 0.003196 0.003219 0.003092 0.003471 0.003614 0.002790 0.000915 0.000989 0.000164 0.000315 0.004761 0.001024 0.001304 1 0.000516 0.001385 0.003022 0.005225 0.003731 0.001439 0.000624 0.000126 0.000978 0.000980 0.000979 0.000230 0.000579 0.000868 0.007643 0.007768 0.007792 0.007925 0.007900 0.007888 0.006780 0.006681 0.007178 0.007095 0.007248 0.006810 0.008301 0.008444 0.008476 0.008397 0.008453 0.007331 0.003432 0.003524 0.003780 0.003384 0.004076 0.003926 0.002257 0.002438 0.002396 0.003215 0.002972 0.002521 0.002935 0.001851 0.007973 0.008344 0.008289 0.003126 0.003462 0.003541 0.003604 0.003138 0.003672 0.003708 0.003386 0.002894 0.003111 0.002805 0.002790 0.003050 0.000769 0.000156 0.000263 0.000113 0.001308 0.000299 0.002770 0.005877 0.004881 0.003695 0.002760 0.005121 0.002409 0.005538 0.005180 0.001687 0.002916 0.005760 0.005527 0.003025 0.000559 0.000881 0.002447 0.002503 0.004969 0.001139 0.004761 0.005078 0.005833 0.005095 0.005193 2.811704 2.814315 2.799631 2.800392 2.807656 2.815268 3.291698 3.017329 3.007831 2.958544 2.816514 3.216977 2.807869 2.779863 2.806418 2.791380 2.783618 2.774917 2.800775 2.188798 2.211868 2.283690 2.203195 2.317787 2.135839 1.965753 2.141138 2.223815 2.247856 2.171048 2.244160 2.816200 2.817336 2.806869 2.815857 2.811262 2.818119 2.761539 2.795494 2.797208 3.269569 2.799169 2.803143 2.807184 2.433170 2.345859 2.270092 2.475939 2.330590 2.577557 2.432314 2.328159 2.285349 2.280283 2.260804 2.326660 2.817755 2.811684 2.816584 2.813287 2.813607 2.815842 2.189463 1.918711 2.040660 2.406692 2.073437 2.166775 2.740051 2.602511 2.595520 2.624388 2.607044 2.621923 2.156392 2.753280 2.637249 0.000077 0.001259 0.000148 0.001918 0.000588 0.000050 0.002870 0.002658 0.001435 
0.000891 0.003835 0.003711 0.003735 0.003607 0.003987 0.004130 0.003306 0.001430 0.001504 0.000357 0.000829 0.005277 0.000508 0.000788 0.000516 1 0.000869 0.002506 0.005741 0.003215 0.000923 0.000109 0.000394 0.000462 0.000464 0.000464 0.000286 0.000064 0.000352 0.008159 0.008283 0.008308 0.008441 0.008416 0.008403 0.007296 0.007197 0.007694 0.007611 0.007764 0.007325 0.008817 0.008959 0.008992 0.008913 0.008969 0.007846 0.003947 0.004040 0.004296 0.003900 0.004591 0.004442 0.002773 0.002954 0.002911 0.003730 0.003487 0.003037 0.003451 0.002367 0.008489 0.008859 0.008805 0.003642 0.002946 0.003025 0.003088 0.002622 0.003156 0.003192 0.003902 0.003410 0.003627 0.003320 0.003305 0.003565 0.001285 0.000371 0.000259 0.000618 0.001824 0.000813 0.002254 0.006393 0.005396 0.004211 0.002244 0.005637 0.001893 0.006054 0.005696 0.001171 0.002400 0.006276 0.006043 0.003540 0.001073 0.001395 0.002962 0.001987 0.004453 0.000623 0.005277 0.005593 0.006349 0.005611 0.005709 2.811190 2.813802 2.799117 2.799878 2.807142 2.814754 3.291257 3.016849 3.007349 2.958055 2.816000 3.216526 2.807355 2.779350 2.805904 2.790866 2.783104 2.774404 2.800261 2.188288 2.211358 2.283179 2.202684 2.317276 2.135329 1.965243 2.140628 2.223305 2.247345 2.170537 2.243649 2.815686 2.816822 2.806355 2.815343 2.810748 2.817605 2.761025 2.794980 2.796694 3.269125 2.798655 2.802629 2.806670 2.432658 2.345348 2.269582 2.475427 2.330078 2.577044 2.431802 2.327647 2.284838 2.279772 2.260293 2.326148 2.817240 2.811170 2.816070 2.812773 2.813094 2.815329 2.188953 1.918203 2.040151 2.406180 2.072927 2.166265 2.739537 2.601998 2.595008 2.623875 2.606531 2.621411 2.155881 2.752767 2.636736 0.000592 0.001775 0.000664 0.001402 0.001103 0.000490 0.002354 0.002142 0.000919 
0.000054 0.004704 0.004581 0.004604 0.004477 0.004856 0.004999 0.004175 0.002300 0.002373 0.001226 0.001698 0.006146 0.000361 0.000081 0.001385 0.000869 1 0.001637 0.006610 0.002346 0.000065 0.000761 0.001264 0.000407 0.000407 0.000406 0.001155 0.000806 0.000517 0.009028 0.009153 0.009177 0.009310 0.009285 0.009273 0.008165 0.008066 0.008563 0.008480 0.008633 0.008195 0.009686 0.009829 0.009861 0.009783 0.009838 0.008716 0.004817 0.004909 0.005166 0.004769 0.005461 0.005311 0.003642 0.003823 0.003781 0.004600 0.004357 0.003906 0.004320 0.003236 0.009358 0.009729 0.009675 0.004511 0.002077 0.002156 0.002219 0.001753 0.002287 0.002323 0.004772 0.004279 0.004496 0.004190 0.004175 0.004435 0.002154 0.001240 0.001127 0.001487 0.002693 0.001682 0.001386 0.007262 0.006266 0.005080 0.001376 0.006506 0.001026 0.006923 0.006565 0.000304 0.001531 0.007145 0.006912 0.004410 0.001942 0.002265 0.003832 0.001118 0.003584 0.000247 0.006146 0.006463 0.007218 0.006481 0.006578 2.810322 2.812933 2.798249 2.799010 2.806274 2.813886 3.290512 3.016037 3.006534 2.957226 2.815132 3.215764 2.806487 2.778481 2.805036 2.789998 2.782235 2.773535 2.799393 2.187423 2.210493 2.282313 2.201820 2.316410 2.134465 1.964380 2.139763 2.222440 2.246480 2.169672 2.242784 2.814818 2.815954 2.805487 2.814475 2.809880 2.816736 2.760157 2.794112 2.795826 3.268375 2.797787 2.801761 2.805802 2.431792 2.344482 2.268716 2.474560 2.329212 2.576177 2.430936 2.326781 2.283972 2.278906 2.259427 2.325282 2.816372 2.810302 2.815202 2.811904 2.812225 2.814460 2.188088 1.917340 2.039287 2.405313 2.072063 2.165400 2.738669 2.601131 2.594141 2.623008 2.605664 2.620543 2.155017 2.751899 2.635868 0.001461 0.002644 0.001533 0.000535 0.001972 0.001359 0.001485 0.001274 0.000055 
0.001615 0.006340 0.006217 0.006240 0.006113 0.006492 0.006635 0.005812 0.003936 0.004009 0.002862 0.003334 0.007782 0.001998 0.001718 0.003022 0.002506 0.001637 1 0.008246 0.000709 0.001583 0.002397 0.002900 0.002044 0.002042 0.002043 0.002792 0.002443 0.002154 0.010664 0.010789 0.010813 0.010946 0.010921 0.010909 0.009801 0.009702 0.010199 0.010116 0.010269 0.009831 0.011322 0.011465 0.011497 0.011419 0.011474 0.010352 0.006453 0.006545 0.006802 0.006405 0.007097 0.006948 0.005278 0.005459 0.005417 0.006236 0.005993 0.005542 0.005957 0.004873 0.010995 0.011365 0.011311 0.006148 0.000440 0.000520 0.000582 0.000116 0.000650 0.000686 0.006408 0.005916 0.006132 0.005826 0.005811 0.006071 0.003790 0.002875 0.002763 0.003122 0.004329 0.003318 0.000255 0.008898 0.007902 0.006716 0.000265 0.008142 0.000616 0.008560 0.008201 0.001335 0.000107 0.008782 0.008548 0.006046 0.003577 0.003900 0.005467 0.000520 0.001947 0.001883 0.007782 0.008099 0.008855 0.008117 0.008214 2.808692 2.811303 2.796619 2.797380 2.804644 2.812256 3.289115 3.014514 3.005006 2.955673 2.813502 3.214335 2.804857 2.776852 2.803406 2.788368 2.780606 2.771906 2.797763 2.185805 2.208874 2.280693 2.200201 2.314789 2.132848 1.962764 2.138144 2.220819 2.244859 2.168053 2.241163 2.813188 2.814324 2.803857 2.812845 2.808250 2.815106 2.758528 2.792483 2.794196 3.266969 2.796157 2.800131 2.804172 2.430168 2.342860 2.267096 2.472936 2.327590 2.574551 2.429313 2.325159 2.282351 2.277285 2.257806 2.323658 2.814742 2.808672 2.813572 2.810275 2.810596 2.812830 2.186468 1.915726 2.037671 2.403690 2.070447 2.163782 2.737041 2.599506 2.592515 2.621382 2.604039 2.618918 2.153399 2.750270 2.634241 0.003098 0.004281 0.003170 0.001104 0.003608 0.002995 0.000152 0.000363 0.001587 
0.006631 0.001906 0.002029 0.002006 0.002133 0.001754 0.001611 0.002435 0.004311 0.004237 0.005384 0.004912 0.000465 0.006249 0.006529 0.005225 0.005741 0.006610 0.008246 1 0.008955 0.006663 0.005850 0.005347 0.006203 0.006204 0.006205 0.005455 0.005804 0.006093 0.002418 0.002542 0.002567 0.002700 0.002675 0.002662 0.001555 0.001456 0.001953 0.001870 0.002023 0.001584 0.003076 0.003218 0.003251 0.003172 0.003228 0.002106 0.001794 0.001701 0.001445 0.001841 0.001149 0.001299 0.002968 0.002787 0.002830 0.002011 0.002253 0.002704 0.002290 0.003374 0.002748 0.003118 0.003064 0.002099 0.008686 0.008766 0.008828 0.008362 0.008896 0.008933 0.001839 0.002331 0.002114 0.002421 0.002436 0.002175 0.004456 0.005372 0.005484 0.005124 0.003917 0.004928 0.007994 0.000652 0.000345 0.001530 0.007984 0.000105 0.007632 0.000313 0.000046 0.006912 0.008141 0.000535 0.000302 0.002201 0.004669 0.004346 0.002779 0.007727 0.010193 0.006364 0.000465 0.000149 0.000609 0.000131 0.000043 2.816922 2.819533 2.804848 2.805609 2.812873 2.820486 3.296173 3.022209 3.012726 2.963520 2.821732 3.221555 2.813086 2.785080 2.811635 2.796597 2.788834 2.780134 2.805992 2.193991 2.217062 2.288888 2.208389 2.322987 2.141030 1.970941 2.146333 2.229013 2.253055 2.176243 2.249357 2.821418 2.822554 2.812087 2.821075 2.816479 2.823337 2.766755 2.800711 2.802425 3.274075 2.804386 2.808360 2.812401 2.438375 2.351061 2.275290 2.481146 2.335790 2.582767 2.437518 2.333361 2.290548 2.285483 2.266003 2.331864 2.822973 2.816902 2.821802 2.818504 2.818825 2.821060 2.194659 1.923893 2.045848 2.411896 2.078625 2.171968 2.745266 2.607720 2.600730 2.629598 2.612254 2.627134 2.161584 2.758497 2.642462 0.005149 0.003966 0.005077 0.007143 0.004638 0.005252 0.008094 0.007883 0.006660 
0.002324 0.007049 0.006926 0.006949 0.006822 0.007201 0.007344 0.006521 0.004644 0.004718 0.003571 0.004043 0.008491 0.002707 0.002427 0.003731 0.003215 0.002346 0.000709 0.008955 1 0.002292 0.003106 0.003609 0.002753 0.002751 0.002751 0.003501 0.003152 0.002863 0.011373 0.011498 0.011522 0.011655 0.011630 0.011618 0.010510 0.010411 0.010908 0.010825 0.010978 0.010540 0.012031 0.012174 0.012206 0.012127 0.012183 0.011061 0.007162 0.007254 0.007511 0.007114 0.007806 0.007657 0.005987 0.006168 0.006126 0.006945 0.006702 0.006251 0.006665 0.005582 0.011703 0.012074 0.012019 0.006857 0.000269 0.000189 0.000127 0.000593 0.000059 0.000023 0.007117 0.006624 0.006841 0.006535 0.006520 0.006780 0.004499 0.003584 0.003472 0.003831 0.005038 0.004027 0.000962 0.009607 0.008611 0.007425 0.000972 0.008851 0.001324 0.009268 0.008910 0.002044 0.000815 0.009491 0.009257 0.006755 0.004286 0.004609 0.006176 0.001228 0.001238 0.002592 0.008491 0.008808 0.009564 0.008826 0.008923 2.807985 2.810596 2.795912 2.796673 2.803937 2.811548 3.288509 3.013852 3.004343 2.954998 2.812795 3.213714 2.804149 2.776145 2.802699 2.787661 2.779899 2.771199 2.797056 2.185102 2.208170 2.279989 2.199498 2.314084 2.132145 1.962061 2.137440 2.220115 2.244155 2.167349 2.240459 2.812481 2.813617 2.803150 2.812137 2.807543 2.814399 2.757822 2.791775 2.793489 3.266359 2.795450 2.799424 2.803465 2.429463 2.342155 2.266392 2.472231 2.326886 2.573844 2.428608 2.324454 2.281647 2.276581 2.257102 2.322953 2.814035 2.807965 2.812864 2.809567 2.809888 2.812123 2.185765 1.915025 2.036969 2.402985 2.069744 2.163078 2.736334 2.598800 2.591810 2.620676 2.603333 2.618212 2.152696 2.749563 2.633534 0.003807 0.004990 0.003878 0.001813 0.004317 0.003704 0.000861 0.001072 0.002296 
